541 3 1
541 1 1
541 4 2
541 2 2
542 3 1
542 1 1
542 4 2
542 2 2
543 4 1
543 1 1
543 3 2
543 2 2
547 4 1
547 1 1
547 3 2
547 2 2
548 2 1
548 1 1
548 4 2
548 3 2
550 4 1
550 1 1
550 3 2
550 2 2
551 3 1
551 1 1
551 4 2
551 2 2
553 3 1
553 1 1
553 4 2
553 2 2
555 3 1
555 1 1
555 4 2
555 2 2
557 4 1
557 1 1
557 3 2
557 2 2
559 3 1
559 1 1
559 4 2
559 2 2
561 4 1
561 1 1
561 3 2
561 2 2
563 4 1
563 1 1
563 3 2
563 2 2
564 4 1
564 1 1
564 3 2
564 2 2
566 3 1
566 1 1
566 4 2
566 2 2
567 4 1
567 1 1
567 3 2
567 2 2
571 3 1
571 1 1
571 4 2
571 2 2
572 3 1
572 1 1
572 4 2
572 2 2
573 4 1
573 1 1
573 3 2
573 2 2
574 3 1
574 1 1
574 4 2
574 2 2
575 4 1
575 1 1
575 3 2
575 2 2
576 3 1
576 1 1
576 4 2
576 2 2
577 4 1
577 1 1
577 3 2
577 2 2
578 3 1
578 1 1
578 4 2
578 2 2
579 4 1
579 1 1
579 3 2
579 2 2
583 3 1
583 1 1
583 4 2
583 2 2
584 4 1
584 1 1
584 3 2
584 2 2
585 2 1
585 1 1
585 4 2
585 3 2
587 2 1
587 1 1
587 4 2
587 3 2
588 2 1
588 1 1
588 4 2
588 3 2
589 2 1
589 1 1
589 4 2
589 3 2
590 3 1
590 1 1
590 4 2
590 2 2
591 3 1
591 1 1
591 4 2
591 2 2
592 2 1
592 1 1
592 4 2
592 3 2
594 2 1
594 1 1
594 4 2
594 3 2
595 2 1
595 1 1
595 4 2
595 3 2
596 3 1
596 1 1
596 4 2
596 2 2
597 4 1
597 1 1
597 3 2
597 2 2
599 4 1
599 1 1
599 3 2
599 2 2
600 4 1
600 1 1
600 3 2
600 2 2
601 3 1
601 1 1
601 4 2
601 2 2
602 2 1
602 1 1
602 4 2
602 3 2
603 4 1
603 1 1
603 3 2
603 2 2
604 4 1
604 1 1
604 3 2
604 2 2
606 3 1
606 1 1
606 4 2
606 2 2
607 2 1
607 1 1
607 4 2
607 3 2
609 2 1
609 1 1
609 4 2
609 3 2
611 2 1
611 1 1
611 4 2
611 3 2
612 2 1
612 1 1
612 4 2
612 3 2
614 2 1
614 1 1
614 4 2
614 3 2
615 4 1
615 1 1
615 3 2
615 2 2
616 2 1
616 1 1
616 4 2
616 3 2
618 3 1
618 1 1
618 4 2
618 2 2
619 2 1
619 1 1
619 4 2
619 3 2
620 2 1
620 1 1
620 4 2
620 3 2
621 3 1
621 1 1
621 4 2
621 2 2
622 3 1
622 1 1
622 4 2
622 2 2
623 2 1
623 1 1
623 4 2
623 3 2
624 2 1
624 1 1
624 4 2
624 3 2
625 2 1
625 1 1
625 4 2
625 3 2
626 4 1
626 1 1
626 3 2
626 2 2
628 2 1
628 1 1
628 4 2
628 3 2
630 4 1
630 1 1
630 3 2
630 2 2
631 2 1
631 1 1
631 4 2
631 3 2
634 4 1
634 1 1
634 3 2
634 2 2
635 2 1
635 1 1
635 4 2
635 3 2
636 4 1
636 1 1
636 3 2
636 2 2
637 2 1
637 1 1
637 4 2
637 3 2
638 2 1
638 1 1
638 4 2
638 3 2
639 2 1
639 1 1
639 4 2
639 3 2
641 4 1
641 1 1
641 3 2
641 2 2
642 2 1
642 1 1
642 4 2
642 3 2
643 2 1
643 1 1
643 4 2
643 3 2
644 2 1
644 1 1
644 4 2
644 3 2
645 4 1
645 1 1
645 3 2
645 2 2
646 2 1
646 1 1
646 4 2
646 3 2
651 2 1
651 1 1
651 4 2
651 3 2
652 2 1
652 1 1
652 4 2
652 3 2
653 2 1
653 1 1
653 4 2
653 3 2
654 2 1
654 1 1
654 4 2
654 3 2
657 2 1
657 1 1
657 4 2
657 3 2
658 4 1
658 1 1
658 3 2
658 2 2
659 4 1
659 1 1
659 3 2
659 2 2
660 4 1
660 1 1
660 3 2
660 2 2
662 3 1
662 1 1
662 4 2
662 2 2
663 3 1
663 1 1
663 4 2
663 2 2
664 3 1
664 1 1
664 4 2
664 2 2
666 3 1
666 1 1
666 4 2
666 2 2
667 4 1
667 1 1
667 3 2
667 2 2
669 4 1
669 1 1
669 3 2
669 2 2
670 3 1
670 1 1
670 4 2
670 2 2
671 4 1
671 1 1
671 3 2
671 2 2
672 4 1
672 1 1
672 3 2
672 2 2
673 3 1
673 1 1
673 4 2
673 2 2
674 4 1
674 1 1
674 3 2
674 2 2
675 4 1
675 1 1
675 3 2
675 2 2
677 4 1
677 1 1
677 3 2
677 2 2
678 3 1
678 1 1
678 4 2
678 2 2
681 3 1
681 1 1
681 4 2
681 2 2
683 2 1
683 1 1
683 4 2
683 3 2
684 2 1
684 1 1
684 4 2
684 3 2
685 2 1
685 1 1
685 4 2
685 3 2
687 2 1
687 1 1
687 4 2
687 3 2
688 2 1
688 1 1
688 4 2
688 3 2
689 2 1
689 1 1
689 4 2
689 3 2
690 2 1
690 1 1
690 4 2
690 3 2
691 3 1
691 1 1
691 4 2
691 2 2
692 3 1
692 1 1
692 4 2
692 2 2
694 3 1
694 1 1
694 4 2
694 2 2
695 3 1
695 1 1
695 4 2
695 2 2
697 3 1
697 1 1
697 4 2
697 2 2
698 3 1
698 1 1
698 4 2
698 2 2
699 4 1
699 1 1
699 3 2
699 2 2
702 4 1
702 1 1
702 3 2
702 2 2
703 4 1
703 1 1
703 3 2
703 2 2
704 4 1
704 1 1
704 3 2
704 2 2
706 3 1
706 1 1
706 4 2
706 2 2
707 4 1
707 1 1
707 3 2
707 2 2
708 4 1
708 1 1
708 3 2
708 2 2
709 4 1
709 1 1
709 3 2
709 2 2
711 2 1
711 1 1
711 4 2
711 3 2
712 2 1
712 1 1
712 4 2
712 3 2
713 4 1
713 1 1
713 3 2
713 2 2
715 4 1
715 1 1
715 3 2
715 2 2
717 4 1
717 1 1
717 3 2
717 2 2
718 4 1
718 1 1
718 3 2
718 2 2
720 4 1
720 1 1
720 3 2
720 2 2
722 2 1
722 1 1
722 4 2
722 3 2
726 4 1
726 1 1
726 3 2
726 2 2
727 4 1
727 1 1
727 3 2
727 2 2
728 4 1
728 1 1
728 3 2
728 2 2
729 2 1
729 1 1
729 4 2
729 3 2
730 2 1
730 1 1
730 4 2
730 3 2
731 2 1
731 1 1
731 4 2
731 3 2
733 2 1
733 1 1
733 4 2
733 3 2
735 2 1
735 1 1
735 4 2
735 3 2
736 2 1
736 1 1
736 4 2
736 3 2
737 2 1
737 1 1
737 4 2
737 3 2
739 4 1
739 1 1
739 3 2
739 2 2
741 4 1
741 1 1
741 3 2
741 2 2
742 4 1
742 1 1
742 3 2
742 2 2
743 4 1
743 1 1
743 3 2
743 2 2
744 4 1
744 1 1
744 3 2
744 2 2
745 4 1
745 1 1
745 3 2
745 2 2
746 4 1
746 1 1
746 3 2
746 2 2
747 4 1
747 1 1
747 3 2
747 2 2
749 2 1
749 1 1
749 4 2
749 3 2
750 4 1
750 1 1
750 3 2
750 2 2
751 3 1
751 1 1
751 4 2
751 2 2
752 2 1
752 1 1
752 4 2
752 3 2
753 2 1
753 1 1
753 4 2
753 3 2
754 2 1
754 1 1
754 4 2
754 3 2
755 4 1
755 1 1
755 3 2
755 2 2
756 2 1
756 1 1
756 4 2
756 3 2
760 2 1
760 1 1
760 4 2
760 3 2
761 2 1
761 1 1
761 4 2
761 3 2
762 2 1
762 1 1
762 4 2
762 3 2
764 2 1
764 1 1
764 4 2
764 3 2
769 2 1
769 1 1
769 4 2
769 3 2
770 2 1
770 1 1
770 4 2
770 3 2
771 4 1
771 1 1
771 3 2
771 2 2
773 4 1
773 1 1
773 3 2
773 2 2
774 2 1
774 1 1
774 4 2
774 3 2
775 4 1
775 1 1
775 3 2
775 2 2
776 2 1
776 1 1
776 4 2
776 3 2
778 2 1
778 1 1
778 4 2
778 3 2
779 2 1
779 1 1
779 4 2
779 3 2
780 2 1
780 1 1
780 4 2
780 3 2
781 2 1
781 1 1
781 4 2
781 3 2
782 2 1
782 1 1
782 4 2
782 3 2
783 4 1
783 1 1
783 3 2
783 2 2
784 2 1
784 1 1
784 4 2
784 3 2
785 2 1
785 1 1
785 4 2
785 3 2
786 2 1
786 1 1
786 4 2
786 3 2
787 4 1
787 1 1
787 3 2
787 2 2
788 4 1
788 1 1
788 3 2
788 2 2
789 4 1
789 1 1
789 3 2
789 2 2
790 4 1
790 1 1
790 3 2
790 2 2
792 2 1
792 1 1
792 4 2
792 3 2
794 2 1
794 1 1
794 4 2
794 3 2
796 3 1
796 1 1
796 4 2
796 2 2
797 2 1
797 1 1
797 4 2
797 3 2
798 4 1
798 1 1
798 3 2
798 2 2
799 4 1
799 1 1
799 3 2
799 2 2
802 2 1
802 1 1
802 4 2
802 3 2
803 4 1
803 1 1
803 3 2
803 2 2
804 4 1
804 1 1
804 3 2
804 2 2
807 2 1
807 1 1
807 4 2
807 3 2
808 3 1
808 1 1
808 4 2
808 2 2
812 4 1
812 1 1
812 3 2
812 2 2
813 3 1
813 1 1
813 4 2
813 2 2
814 2 1
814 1 1
814 4 2
814 3 2
815 4 1
815 1 1
815 3 2
815 2 2
816 2 1
816 1 1
816 4 2
816 3 2
818 2 1
818 1 1
818 4 2
818 3 2
820 2 1
820 1 1
820 4 2
820 3 2
821 2 1
821 1 1
821 4 2
821 3 2
822 4 1
822 1 1
822 3 2
822 2 2
823 4 1
823 1 1
823 3 2
823 2 2
824 2 1
824 1 1
824 4 2
824 3 2
825 3 1
825 1 1
825 4 2
825 2 2
826 2 1
826 1 1
826 4 2
826 3 2
827 2 1
827 1 1
827 4 2
827 3 2
828 3 1
828 1 1
828 4 2
828 2 2
831 2 1
831 1 1
831 4 2
831 3 2
832 2 1
832 1 1
832 4 2
832 3 2
833 4 1
833 1 1
833 3 2
833 2 2
836 4 1
836 1 1
836 3 2
836 2 2
838 3 1
838 1 1
838 4 2
838 2 2
839 3 1
839 1 1
839 4 2
839 2 2
841 2 1
841 1 1
841 4 2
841 3 2
848 2 1
848 1 1
848 4 2
848 3 2
856 2 1
856 1 1
856 4 2
856 3 2
865 2 1
865 1 1
865 4 2
865 3 2
873 2 1
873 1 1
873 4 2
873 3 2
879 4 1
879 1 1
879 3 2
879 2 2
888 2 1
888 1 1
888 4 2
888 3 2
892 3 1
892 1 1
892 4 2
892 2 2
898 2 1
898 1 1
898 4 2
898 3 2
914 2 1
914 1 1
914 4 2
914 3 2
915 2 1
915 1 1
915 4 2
915 3 2
916 2 1
916 1 1
916 4 2
916 3 2
921 2 1
921 1 1
921 4 2
921 3 2
960 3 1
960 1 1
960 4 2
960 2 2
980 2 1
980 1 1
980 4 2
980 3 2
