-636 641 334 -645 -338 -634 -658 -426 -660 -563 -597 -576 551 -555 -751 -724 -734 342 -732 -898 -500 -705 -569 -359 -586 -366 -358 -370 -558 -501 -982 -538 -614 -479 -635 638 -640 -529 -655 -852 525 -528 337 -651 -653 -654 644 -620 -611 612 597 563 660 426 658 634 -338 645 641 636 -212 867 -967 618 -909 864 -847 -622 982 989 400 -724 221 -691 520 -695 -696 -318 -835 -274 -273 -681 -521 -680 960 -906 -510 -664 -353 -327 -265 673 -676 830 835 -504 670 -678 -488 -374 -503 -541 507 -572 -892 -559 940 -382 -571 -542 -515 -280 574 -519 596 
30 -600 281 -603 -604 362 -576 551 -555 -99 400 751 95 400 691 -695 -696 664 510 906 -960 680 521 681 -127 -274 -273 673 -676 830 -129 -265 670 -327 504 318 -353 -678 -488 -374 -503 -940 559 892 572 -507 541 -571 -542 515 574 519 596 579 896 -582 -496 -584 -587 915 -588 -915 -595 944 615 -589 530 602 590 -498 -553 -875 566 -567 867 -967 618 -909 864 -847 -622 -627 -924 -224 -805 -823 -822 715 -815 -812 -804 799 -539 -292 599 -876 
-493 287 876 -599 -264 -310 -489 -135 799 -308 539 289 715 805 224 137 -122 822 815 -823 -812 -804 -109 -888 -981 -506 -311 -981 -245 -197 -256 -251 -716 -711 -480 729 -961 -722 961 712 517 -774 499 -841 -776 187 -192 -779 -494 785 -786 -791 -497 -103 287 643 -202 -760 -980 -753 980 607 -540 -532 531 -856 -764 795 -216 -914 848 592 -478 -609 769 -357 -246 -391 -339 916 951 956 767 -406 -763 -762 951 921 -770 -761 -210 -858 330 -758 -399 -402 -756 -754 -865 -752 -376 -403 -782 -205 -974 -371 -363 974 585 -944 787 -387 -790 -386 -789 -390 -788 -794 -392 393 -784 781 832 -939 -843 -780 598 -398 -301 -401 777 -840 17 
-775 -397 771 833 -750 518 727 394 902 783 -288 630 564 -720 798 -407 -718 -726 717 -707 -409 550 -713 286 -709 -708 527 728 -457 573 -456 -747 -746 -745 -744 -743 -742 577 -741 -739 -737 -453 -736 -735 -459 733 -731 509 -730 749 -793 -816 -827 -448 -826 -291 -802 642 -446 809 -445 -451 -285 -890 -469 -807 -462 -476 -305 -814 -824 820 652 -821 646 -818 -157 297 -834 475 834 -297 -801 -290 -797 432 -866 -801 621 395 -796 606 855 825 813 
-140 867 -967 876 -599 292 -804 799 -308 539 812 815 -823 -822 715 805 -552 -241 -472 -167 178 -165 -548 -594 -471 -601 -871 -706 -470 -591 -468 578 -583 -828 808 380 590 -498 -553 -875 566 -567 579 896 -582 -496 -584 -615 787 -387 -790 -386 -789 -390 -788 -630 902 394 902 783 -727 -518 750 -833 -771 397 775 
564 -720 -798 -718 726 717 -707 -409 550 -713 -709 708 527 728 -573 -747 -746 743 741 -577 742 -745 -744 314 739 -737 -453 -736 -735 -459 733 730 -816 -749 -731 793 -827 -448 -826 -802 642 -809 807 469 890 451 -476 285 -890 -814 -824 821 -652 -820 646 -818 474 -475 834 -297 -801 -290 -797 -178 548 -594 601 74 871 -706 -470 -591 -468 578 583 -477 -828 808 380 590 -498 -553 -875 566 
-600 -603 -604 362 -576 551 -555 -751 -400 436 -734 342 -732 -898 -500 -705 -569 -370 -558 -501 -982 -538 -614 -479 -635 638 -640 -529 -655 -852 525 -651 653 -654 -644 -620 -611 -597 -612 563 660 542 571 382 -940 559 892 572 -507 541 503 374 488 678 -670 504 -835 -830 676 673 -274 960 -696 664 510 906 -960 680 521 681 960 -906 695 -520 691 -400 924 627 622 847 -864 909 -618 967 -867 212 -636 641 334 -645 338 -634 -658 -515 -280 574 519 596 579 896 -582 -496 -584 -615 787 
82 778 466 497 791 786 -785 494 779 776 841 -499 774 -517 -712 -961 -722 513 -711 729 716 -256 506 981 888 -489 247 -795 766 -278 -347 766 -914 848 592 -478 -609 406 -767 -956 -951 -916 339 391 246 357 -769 858 -956 921 -770 -761 762 763 330 -758 -399 -376 -403 402 752 865 754 756 -782 371 974 585 -944 595 915 -588 587 -589 530 602 639 628 -69 
-836 -547 -543 316 755 383 803 626 -557 -905 443 561 -562 -568 -261 381 905 -879 354 -411 360 -881 -704 240 -361 -677 -413 -675 -674 -889 -672 671 -414 -669 -667 -666 -861 -415 -268 -269 -663 -662 417 -659 575 -325 -272 -682 -703 -702 773 -682 -698 697 -694 -693 -839 -838 692 -690 616 689 -688 -687 -831 -425 -685 -237 -235 -684 637 -683 -657 -440 -632 -873 619 
-41 840 -777 401 301 398 -598 780 843 939 -832 -781 784 -393 392 794 778 466 254 294 493 643 379 -760 -980 -753 980 607 532 540 531 -856 -764 243 310 264 -143 -110 -989 898 732 -342 734 -436 -989 -500 -705 -569 -359 -586 898 732 -558 614 538 982 501 558 370 358 -638 635 479 -586 -366 -640 -529 -655 -852 525 -528 337 -651 -653 -654 -644 -620 -611 612 604 603 -281 600 
-31 -611 612 597 563 660 426 658 634 645 -334 -641 636 -212 867 -967 618 -909 864 -847 -622 -627 -924 -989 -982 -627 -924 -989 -982 -627 -924 866 233 -834 -474 818 -821 646 -652 -820 824 814 890 451 -476 -807 -462 445 -446 809 -642 802 291 826 733 -731 509 -730 749 816 793 -827 735 -736 737 -744 314 739 745 -742 577 -741 -743 746 -456 -747 -573 457 -728 -527 -708 709 -286 713 550 -707 -717 -726 718 407 -798 720 -564 
-437 -813 -825 -855 -606 796 -395 -621 801 866 -432 797 326 -834 475 -474 818 -821 646 -652 -824 820 814 305 476 -451 285 -890 -469 -807 -462 445 -446 809 -642 802 -291 826 448 827 -793 -816 -749 730 -509 731 -733 459 735 736 453 737 -739 -314 744 745 -742 -577 -741 -743 746 747 456 -573 457 -728 -527 -708 709 286 713 -550 409 707 -717 726 718 407 -798 720 -564 
-437 -813 -825 -855 -606 796 -395 -621 -290 -797 432 -866 -989 898 -724 -734 -500 -705 -569 358 366 586 -501 -982 640 -638 635 479 614 538 -655 -852 525 -528 337 -651 -653 -654 -644 -620 567 -566 875 553 498 -590 -380 -808 578 477 -583 -477 -591 -468 828 706 -871 871 601 471 594 -548 472 241 552 -625 -624 -623 -186 -631 -348 435 -283 792 -441 -279 -73 
967 -836 -547 -543 316 755 803 -626 -557 -879 -561 -443 -381 261 905 881 568 562 354 -411 360 -881 -704 361 -240 -677 -413 -675 -674 -889 -671 672 -414 -669 -667 -666 -861 -415 -268 662 663 417 -659 329 -575 -682 -703 -702 773 701 -699 -698 697 688 -689 -616 -690 -219 -692 838 839 693 694 -687 -831 -425 -685 -637 684 -683 -657 -440 -632 -873 619 
-628 -639 -808 828 477 -583 -578 468 591 470 706 601 471 594 -548 472 552 -625 624 -623 -631 -348 283 -435 792 -441 12 
-775 -397 771 833 750 -833 727 394 902 783 -288 630 788 390 789 386 790 -628 -639 -602 -530 589 -587 588 -915 -595 944 -585 -974 -371 782 -756 -754 -865 -752 -402 403 758 -330 -763 -762 761 770 -921 956 -858 -951 -916 339 391 246 357 -769 609 478 -592 -848 914 216 916 -767 -347 -805 -715 822 823 -815 -812 -804 799 -214 -289 -292 599 -876 
-628 -639 -602 589 -587 588 -915 -595 944 -585 -974 363 -205 -974 -371 782 -756 -754 -865 -752 399 758 -763 -762 761 770 -921 -951 -406 858 210 75 -916 339 391 -921 956 767 -916 -769 609 478 -592 -848 914 -766 347 278 108 -795 -489 247 -625 -624 -623 -631 -348 792 -441 -279 -864 909 
-836 543 547 836 755 383 803 626 -557 -879 -561 -443 881 568 562 87 -411 360 -881 -704 -677 -889 -672 671 889 674 667 669 -675 -662 -663 -666 -861 -659 329 -325 -272 -575 701 -699 -698 702 839 693 694 -697 773 701 703 699 -838 692 219 690 616 -689 -688 -687 -831 235 237 831 -685 -637 683 -684 -657 -440 -632 -873 619 
-437 -813 -825 -855 -606 796 -395 -621 801 866 233 552 -625 -624 -623 -631 -435 792 567 -38 -840 780 843 939 -832 -781 393 -784 392 794 778 791 786 -785 -779 776 841 -499 774 -517 -712 -961 -722 513 -711 -480 729 716 -256 -888 -981 -506 126 310 264 -243 764 856 -531 -540 -532 -607 -980 -753 760 -379 -643 200 -7 
-775 -397 771 833 -750 518 727 783 -288 630 788 -789 790 387 -787 615 584 496 582 -896 -579 -596 -574 542 -572 -892 -559 940 -541 892 571 382 -940 678 -670 504 -835 -830 676 -673 -681 -521 -680 -664 696 -960 -906 695 -520 691 236 400 751 555 551 576 -362 604 603 600 
-619 873 632 440 657 683 -684 637 685 425 831 687 688 689 -616 -690 701 839 693 -694 -839 -838 692 838 -699 -698 697 -773 702 703 682 -575 325 -329 659 -417 -663 -662 268 415 861 666 667 669 414 -671 672 889 674 675 413 677 -361 704 881 562 -568 443 561 879 557 -626 -803 -383 -755 -316 543 547 836 
180 -200 -287 174 254 294 493 643 379 -760 753 980 607 -540 -856 -764 243 -264 -310 -126 -722 513 -711 480 729 716 251 -888 -107 311 961 712 -981 -245 774 -187 776 841 -192 -779 -494 785 -786 -791 -497 -466 -778 -794 -392 393 -784 781 832 -939 -843 -780 598 -398 -301 -401 777 -840 
-775 -397 771 833 -750 518 727 394 902 783 -288 630 564 -720 798 -407 -718 -726 717 -707 -409 550 -713 286 -709 -708 527 728 -457 573 -456 -747 -746 -745 -744 -743 -742 577 -741 -739 -737 -453 -736 -735 -459 733 -731 509 -730 749 -793 -816 -827 -448 -826 -802 642 -446 809 -445 -451 -285 -890 -469 -807 -462 -476 -305 -814 -824 820 652 -821 646 -818 474 -475 834 -326 157 326 -297 -801 -290 -797 432 -866 -801 621 395 -796 606 855 825 813 437 
-596 519 -574 280 515 542 571 382 -940 559 892 572 -507 541 503 374 488 678 -670 504 -835 -830 676 -673 265 327 353 664 510 906 -960 680 521 681 273 274 835 318 696 695 -520 691 -221 -181 -236 133 989 924 102 734 -436 -989 -982 622 847 -864 909 -618 967 -867 212 -636 -641 -645 -634 -658 -426 -660 -563 -597 -612 611 620 -644 654 653 651 -337 528 -525 852 655 529 640 -638 635 479 614 538 982 501 558 370 358 366 586 359 569 705 500 898 732 -342 734 724 751 555 -551 -597 -576 563 660 426 658 634 338 645 -334 -641 636 
876 -599 292 289 214 -308 539 -799 804 812 815 -715 822 823 805 224 924 627 622 847 -864 909 -618 967 -867 567 -566 875 553 498 -590 -602 -530 589 -615 -944 595 915 -588 587 584 496 582 -896 -579 -596 -519 -574 -515 542 571 -541 507 -572 -892 -559 940 503 -940 488 678 353 -318 -504 327 -670 265 129 -830 676 -673 -681 -521 -680 960 -906 -510 -664 696 695 -520 691 -221 -181 -236 751 555 -551 576 -362 604 603 -281 600 -19 
-628 -639 -808 828 477 -583 -578 828 591 470 706 -871 871 601 471 594 -548 472 -241 552 -625 624 -623 -631 -435 792 -441 
-909 847 279 441 -792 283 -435 348 631 623 624 625 -552 -241 -472 -167 178 -165 -548 -594 -471 -601 -871 -706 -470 -591 -468 578 -583 -828 808 380 590 -498 -553 -875 566 -567 579 896 -584 -615 787 -387 -790 -386 -789 -390 -788 -630 902 394 902 783 -727 -518 750 -833 -771 397 775 
-437 -813 -825 -855 -606 796 -395 -621 801 866 -432 797 326 -834 475 -474 818 -821 646 -652 -824 820 814 305 476 -451 -890 -469 -807 -462 445 -809 446 -642 802 -291 826 448 827 -793 -816 -749 730 -509 731 -733 459 735 736 453 737 -739 -314 744 745 -742 -577 -741 -743 746 747 456 -573 457 -728 -527 -708 709 286 713 -550 409 707 -717 726 718 407 -798 720 -564 
-6 840 -777 401 301 398 -598 780 843 939 -832 -781 784 -393 392 794 788 390 789 386 790 387 -787 944 -585 -974 363 782 403 376 752 865 754 756 402 399 758 -330 -763 -762 761 770 -921 -951 -210 -858 406 -767 -956 -951 -916 339 391 246 357 -769 609 478 -592 -848 914 -766 764 856 -531 532 540 -607 -980 753 980 760 202 -643 -287 103 497 791 786 -785 494 779 776 841 -499 774 -517 -712 -961 513 722 961 -729 480 711 716 251 256 197 245 981 311 506 981 888 109 804 812 823 -815 -822 122 -137 -224 -805 -715 -289 -539 308 -799 135 489 599 -876 -287 174 254 294 493 
-628 -639 -602 -530 589 -587 588 -915 -595 944 -585 -974 -371 -363 974 205 782 -756 -754 -865 -752 -402 403 376 399 758 -330 -763 -762 761 770 -921 956 -858 769 916 951 956 767 -406 609 478 -592 -848 914 216 -795 347 278 -766 795 -247 489 -888 -981 -506 -311 -981 -245 -197 -716 -729 480 711 -513 722 961 712 517 -774 499 -841 -776 -779 -494 785 786 -791 -497 -466 -778 
967 -836 -547 -543 316 755 383 803 626 -557 -905 443 561 -562 -568 -261 381 905 -879 354 -411 360 -881 -704 240 -361 -677 -413 -675 -674 -889 -672 671 -414 -669 -667 -666 -861 -415 -268 -269 -663 -662 417 -659 575 -325 -272 -682 -703 -702 773 701 -699 -698 697 -694 -693 -839 -838 692 -690 616 -689 -688 -687 -831 -425 -685 -237 -235 -684 637 -683 -657 -440 -632 -873 619 
-600 281 -603 -604 -612 611 620 644 654 653 651 -528 852 655 529 640 366 586 -479 -635 638 -358 -370 -558 -501 -982 -538 -614 359 569 705 500 989 436 -734 342 -732 -898 989 110 143 -264 -310 -243 764 856 -531 -540 -532 -607 -980 753 980 760 -379 -643 -493 -294 -254 -466 -778 -794 -392 393 -784 781 832 -939 -843 -780 598 -398 -301 -401 777 -840 -140 
-619 873 632 -873 657 683 -684 637 685 425 831 687 -694 -693 -839 -838 692 219 690 616 689 -688 -697 698 699 -701 -773 702 703 682 575 -329 659 -417 -663 -662 -269 861 666 667 669 414 -672 671 889 674 675 413 677 704 881 -360 411 -354 -562 -568 -905 -261 381 443 561 879 557 -626 -803 -755 -316 543 547 836 -27 
180 -200 794 778 466 497 791 786 -785 494 779 192 -841 -776 841 -499 774 -517 -712 -961 513 722 961 -729 -480 711 716 251 -888 -107 311 506 981 888 310 531 -856 -764 856 -532 -607 -980 -753 760 111 -202 -379 -643 -493 -294 -36 -784 781 832 -939 -843 -780 598 -398 -301 -401 777 -840 -16 
-619 873 632 440 657 683 -684 637 685 425 831 687 688 -689 -616 690 -692 838 839 693 694 -697 698 -703 -702 773 -682 699 -701 575 272 325 -329 659 -417 -663 -662 -269 -415 669 414 -671 268 -667 -666 -861 -415 861 672 889 674 -562 -568 -261 381 905 -704 361 -240 -677 -413 -675 879 -905 443 561 879 557 -626 -803 383 -755 -836 -547 -543 -72 
876 -599 292 289 214 -539 308 -799 804 812 815 -823 -822 715 805 766 -278 767 -916 -247 489 795 391 -921 956 -858 406 592 795 357 -769 609 951 921 -770 914 -766 -762 761 858 -956 -848 914 951 956 -347 766 -914 848 -210 763 330 -758 -399 -402 403 376 752 865 754 -865 -974 363 782 -756 585 -944 595 915 588 -915 587 -589 530 602 639 628 -28 
28 -600 281 -603 -604 362 -576 551 -555 -751 -691 520 -695 -696 664 510 906 960 -960 -681 -265 273 680 327 353 -318 -835 -830 676 673 830 835 -504 670 -678 -488 -374 -503 -541 507 -572 -892 -559 940 -382 -571 -542 -515 -280 574 -519 596 579 896 -582 -496 -584 -615 787 -387 -790 -386 -789 -390 -788 -630 288 -783 -902 -394 -727 -518 750 -833 -771 397 775 
564 33 -720 798 -407 -718 -726 717 -707 -409 550 -713 -709 708 896 -582 728 -457 573 -456 -747 -746 743 741 -577 742 -745 -744 314 739 -737 -453 -736 -735 -459 733 -731 509 -730 749 816 793 -827 -448 -826 -291 -802 642 -809 446 -445 462 807 469 890 -285 -305 -814 -824 820 652 -821 646 -818 474 -475 834 -297 866 233 -326 297 -326 866 -432 797 290 621 395 -796 606 855 825 813 437 40 
-40 279 441 -792 283 -435 348 631 186 623 624 625 -552 -472 -167 548 -594 -471 -601 -871 -706 -470 -591 -468 578 583 -477 -828 808 380 590 -498 -553 -875 566 -567 
867 -967 618 -909 864 -847 -622 -627 -924 -614 558 -732 -898 989 436 724 732 -342 734 -436 -989 586 359 569 -635 982 989 924 102 -705 638 -640 -529 -655 -852 525 -528 852 337 -651 -653 -654 -644 -620 -611 612 597 563 -658 -426 -660 634 -338 645 -334 -641 636 -91 
876 180 -200 -287 174 254 294 493 643 379 202 -111 -760 753 980 607 532 540 531 -856 -764 243 -489 247 -795 -888 -981 -506 -311 -981 -245 -197 251 256 -716 -729 -480 711 -513 722 961 712 517 -774 499 -841 -776 187 -192 -779 -494 785 786 -791 -497 -466 -778 -794 -392 393 -784 781 832 -939 -843 -780 598 -398 97 -598 840 -777 401 15 777 -840 
-619 873 632 440 657 683 -684 637 685 425 235 237 831 687 688 -689 -616 -690 -219 -692 838 839 693 694 -697 698 699 -701 -773 702 703 682 575 272 325 -329 659 -417 -663 -662 -269 -415 861 666 667 669 414 -671 672 889 674 675 413 677 240 -361 704 881 -360 411 -354 -568 562 354 -411 -905 -381 561 879 557 -626 -803 -383 -755 -316 543 547 836 
-4 876 -599 292 289 214 -539 308 -799 804 812 815 -823 -822 715 805 347 278 108 -216 -914 848 592 -478 -609 769 -357 -246 -391 -339 916 -767 -858 406 951 921 -770 -761 762 763 -758 -399 -376 -403 402 752 865 754 756 -782 -205 -974 363 371 974 585 -944 595 915 -588 587 -589 530 602 639 628 -86 
-600 -603 -604 362 -576 551 -555 -751 236 181 724 -724 221 -691 520 -695 -696 664 510 906 -960 680 521 681 273 274 127 673 -676 830 835 318 -353 -327 670 -678 -488 -374 -503 -541 507 -572 -892 -559 940 -382 -571 -542 -515 -280 574 -519 596 579 896 -582 -496 -584 -615 787 -387 -790 -386 -789 -390 -788 -630 288 -783 -902 -394 -727 -518 750 -833 -771 98 843 939 -832 775 
564 -720 798 -407 -718 -726 717 -707 -409 550 -713 -286 -709 708 527 728 -457 573 -456 -747 -746 743 741 -577 742 -745 -744 314 739 -737 -453 -736 -735 -459 733 -731 509 -730 749 816 793 -827 -448 -826 -291 -802 642 -809 446 -445 462 807 469 890 -285 451 -476 -305 -814 -824 820 652 -646 821 -818 474 -475 834 -233 -432 797 290 621 796 2 -855 -825 -855 -606 18 813 437 
939 279 441 -792 283 -435 348 631 186 623 624 625 -552 241 -472 548 -594 -471 -601 -871 -706 -470 -591 -468 578 583 -477 -828 808 380 590 875 553 -875 566 -567 
-93 867 -967 618 -909 864 -847 -622 -627 -924 400 133 989 436 724 -898 -500 -705 -569 -359 -586 -366 -358 -370 -558 -501 -982 -538 -614 -479 -635 638 -640 -529 -655 -852 525 -528 337 -651 653 -654 -644 -620 -611 612 597 563 660 426 658 634 -338 645 -334 -641 636 -79 

