11774
14354
5021
4790
11783
14370
11798
11802
14387
6058
11807
5628
6859
16871
11830
16878
8449
10224
10352
6272
6790
16968
19405
19407
14500
11905
6771
7163
5793
9778
4547
9608
11939
17047
14570
12727
9978
10295
14591
9334
19581
7560
4996
11985
6273
14308
12008
14689
12016
12019
12029
19673
14742
5831
19695
12809
9408
5800
9582
18729
11424
5716
14799
8614
5601
7494
12097
7367
17392
14859
14872
22645
15766
12158
14904
12165
5129
12175
14932
17494
6074
4876
8698
14276
20055
5836
13922
11660
4658
12291
20092
22965
4895
12338
6869
12341
17727
17736
17739
17755
15187
23250
15190
4391
12381
15218
15219
12393
8512
7730
10369
13660
20462
4533
6691
15282
16353
17957
6062
9860
6274
17981
12475
15802
6020
15365
12495
12914
12532
7032
4653
15447
18136
5711
11109
15469
15504
15506
15510
23981
20876
18230
20903
6125
20990
12614
12615
15585
21092
1917
