0:1 -1 
1:1 5634 
2:1 17618 2147482475 18353 
3:1 14140 14018 
4:1 -2147482787 -2147482786 -2147482785 -2147482784 -2147482783 -2147482782 -2147482781 -2147482780 -2147482779 -2147482778 -2147482777 -2147482776 -2147482775 -2147482774 -2147482773 -2147482772 -2147482771 -2147482770 -2147482769 -2147482768 -2147482767 2147481727 17297 
5:1 2147483222 
6:1 -2147483081 -2147483080 -2147483079 -2147483078 -2147483077 -2147483076 -2147483075 -2147483074 -2147483073 -2147483072 -2147483071 -2147483070 -2147483069 -2147483068 -2147483067 -2147483066 -2147483065 -2147483064 -2147483063 -2147483062 -2147483061 2147483203 
7:1 -2147483250 -2147483251 -2147483252 -2147483253 -2147483254 -2147483255 -2147483256 -2147483257 -2147483258 -2147483259 -2147483260 -2147483261 -2147483262 -2147483263 -2147483264 -2147483265 -2147483266 -2147483267 -2147483268 -2147483269 -2147483270 2147483201 
8:1 19010 
9:1 7576 
10:1 13889 
11:1 -2147482725 -2147482726 -2147482727 -2147482728 -2147482729 -2147482730 -2147482731 -2147482732 -2147482733 -2147482734 -2147482735 -2147482736 -2147482737 -2147482738 -2147482739 -2147482740 -2147482741 -2147482742 -2147482743 -2147482744 -2147482745 
12:1 2147481731 2147482855 -2147483354 -2147483353 -2147483352 -2147483351 -2147483350 -2147483349 -2147483348 -2147483347 -2147483346 -2147483345 -2147483344 -2147483343 -2147483342 -2147483341 -2147483340 -2147483339 -2147483338 -2147483337 -2147483336 -2147483335 -2147483334 
13:1 13655 18904 
14:1 4944 
15:1 7377 20685 20684 18117 13275 10917 12136 23729 7588 19847 4904 13785 13772 
16:1 -2147482935 -2147482936 -2147482937 -2147482938 -2147482939 -2147482940 -2147482941 -2147482942 -2147482943 -2147482944 -2147482945 -2147482946 -2147482947 -2147482948 -2147482949 -2147482950 -2147482951 -2147482952 -2147482953 -2147482954 -2147482955 2147482471 
17:1 2147482746 -2147483606 -2147483605 -2147483604 -2147483603 -2147483602 -2147483601 -2147483600 -2147483599 -2147483598 -2147483597 -2147483596 -2147483595 -2147483594 -2147483593 -2147483592 -2147483591 -2147483590 -2147483589 -2147483588 -2147483587 -2147483586 
18:1 15955 2147482469 14882 
19:1 -2147483124 -2147483125 -2147483126 -2147483127 -2147483128 -2147483129 -2147483130 -2147483131 -2147483132 -2147483133 -2147483134 -2147483135 -2147483136 -2147483137 -2147483138 -2147483139 -2147483140 -2147483141 -2147483142 -2147483143 -2147483144 17442 
20:1 13913 
21:1 2147483112 
22:1 4899 
23:1 14764 17273 
24:1 11869 
25:1 6684 
26:1 19440 
27:1 -2147482956 -2147482957 -2147482958 -2147482959 -2147482960 -2147482961 -2147482962 -2147482963 -2147482964 -2147482965 -2147482966 -2147482967 -2147482968 -2147482969 -2147482970 -2147482971 -2147482972 -2147482973 -2147482974 -2147482975 -2147482976 2147481797 
28:1 14742 -2147482893 -2147482894 -2147482895 -2147482896 -2147482897 -2147482898 -2147482899 -2147482900 -2147482901 -2147482902 -2147482903 -2147482904 -2147482905 -2147482906 -2147482907 -2147482908 -2147482909 -2147482910 -2147482911 -2147482912 -2147482913 2147481803 
29:1 2147483137 2147482317 
30:1 2147483218 -2147483628 -2147483629 -2147483630 -2147483631 -2147483632 -2147483633 -2147483634 -2147483635 -2147483636 -2147483637 -2147483638 -2147483639 -2147483640 -2147483641 -2147483642 -2147483643 -2147483644 -2147483645 -2147483646 -2147483647 -2147483648 
31:1 -2147483459 -2147483458 -2147483457 -2147483456 -2147483455 -2147483454 -2147483453 -2147483452 -2147483451 -2147483450 -2147483449 -2147483448 -2147483447 -2147483446 -2147483445 -2147483444 -2147483443 -2147483442 -2147483441 -2147483440 -2147483439 2147483106 
32:1 12219 17058 
33:1 11726 17487 14950 
34:1 14594 
35:1 17166 2147481949 
36:1 15454 23250 2147481885 
37:1 2147481855 
38:1 15599 2147483238 13492 6171 
39:1 17844 18771 
40:1 15520 -2147482871 -2147482870 -2147482869 -2147482868 -2147482867 -2147482866 -2147482865 -2147482864 -2147482863 -2147482862 -2147482861 -2147482860 -2147482859 -2147482858 -2147482857 -2147482856 -2147482855 -2147482854 -2147482853 -2147482852 -2147482851 2147482773 15504 2147482533 
41:1 -2147483480 -2147483479 -2147483478 -2147483477 -2147483476 -2147483475 -2147483474 -2147483473 -2147483472 -2147483471 -2147483470 -2147483469 -2147483468 -2147483467 -2147483466 -2147483465 -2147483464 -2147483463 -2147483462 -2147483461 -2147483460 2147482552 
42:1 2147482588 2147482580 
43:1 -2147483607 -2147483608 -2147483609 -2147483610 -2147483611 -2147483612 -2147483613 -2147483614 -2147483615 -2147483616 -2147483617 -2147483618 -2147483619 -2147483620 -2147483621 -2147483622 -2147483623 -2147483624 -2147483625 -2147483626 -2147483627 
44:1 4511 
45:1 14178 6110 
46:1 -2147483565 -2147483566 -2147483567 -2147483568 -2147483569 -2147483570 -2147483571 -2147483572 -2147483573 -2147483574 -2147483575 -2147483576 -2147483577 -2147483578 -2147483579 -2147483580 -2147483581 -2147483582 -2147483583 -2147483584 -2147483585 
47:1 15569 2147483018 
48:1 13582 
49:1 -2147483355 -2147483356 -2147483357 -2147483358 -2147483359 -2147483360 -2147483361 -2147483362 -2147483363 -2147483364 -2147483365 -2147483366 -2147483367 -2147483368 -2147483369 -2147483370 -2147483371 -2147483372 -2147483373 -2147483374 -2147483375 
50:1 18726 
51:1 -2147483313 -2147483314 -2147483315 -2147483316 -2147483317 -2147483318 -2147483319 -2147483320 -2147483321 -2147483322 -2147483323 -2147483324 -2147483325 -2147483326 -2147483327 -2147483328 -2147483329 -2147483330 -2147483331 -2147483332 -2147483333 
52:1 -2147483292 -2147483293 -2147483294 -2147483295 -2147483296 -2147483297 -2147483298 -2147483299 -2147483300 -2147483301 -2147483302 -2147483303 -2147483304 -2147483305 -2147483306 -2147483307 -2147483308 -2147483309 -2147483310 -2147483311 -2147483312 
53:1 -2147483271 -2147483272 -2147483273 -2147483274 -2147483275 -2147483276 -2147483277 -2147483278 -2147483279 -2147483280 -2147483281 -2147483282 -2147483283 -2147483284 -2147483285 -2147483286 -2147483287 -2147483288 -2147483289 -2147483290 -2147483291 
54:1 -2147483229 -2147483230 -2147483231 -2147483232 -2147483233 -2147483234 -2147483235 -2147483236 -2147483237 -2147483238 -2147483239 -2147483240 -2147483241 -2147483242 -2147483243 -2147483244 -2147483245 -2147483246 -2147483247 -2147483248 -2147483249 
55:1 -2147483208 -2147483209 -2147483210 -2147483211 -2147483212 -2147483213 -2147483214 -2147483215 -2147483216 -2147483217 -2147483218 -2147483219 -2147483220 -2147483221 -2147483222 -2147483223 -2147483224 -2147483225 -2147483226 -2147483227 -2147483228 
56:1 -2147483187 -2147483188 -2147483189 -2147483190 -2147483191 -2147483192 -2147483193 -2147483194 -2147483195 -2147483196 -2147483197 -2147483198 -2147483199 -2147483200 -2147483201 -2147483202 -2147483203 -2147483204 -2147483205 -2147483206 -2147483207 
57:1 18614 
58:1 -2147483166 -2147483167 -2147483168 -2147483169 -2147483170 -2147483171 -2147483172 -2147483173 -2147483174 -2147483175 -2147483176 -2147483177 -2147483178 -2147483179 -2147483180 -2147483181 -2147483182 -2147483183 -2147483184 -2147483185 -2147483186 
59:1 -2147483103 -2147483104 -2147483105 -2147483106 -2147483107 -2147483108 -2147483109 -2147483110 -2147483111 -2147483112 -2147483113 -2147483114 -2147483115 -2147483116 -2147483117 -2147483118 -2147483119 -2147483120 -2147483121 -2147483122 -2147483123 
60:1 -2147483082 -2147483083 -2147483084 -2147483085 -2147483086 -2147483087 -2147483088 -2147483089 -2147483090 -2147483091 -2147483092 -2147483093 -2147483094 -2147483095 -2147483096 -2147483097 -2147483098 -2147483099 -2147483100 -2147483101 -2147483102 
61:1 -2147483040 -2147483041 -2147483042 -2147483043 -2147483044 -2147483045 -2147483046 -2147483047 -2147483048 -2147483049 -2147483050 -2147483051 -2147483052 -2147483053 -2147483054 -2147483055 -2147483056 -2147483057 -2147483058 -2147483059 -2147483060 
62:1 -2147483019 -2147483020 -2147483021 -2147483022 -2147483023 -2147483024 -2147483025 -2147483026 -2147483027 -2147483028 -2147483029 -2147483030 -2147483031 -2147483032 -2147483033 -2147483034 -2147483035 -2147483036 -2147483037 -2147483038 -2147483039 
63:1 -2147482998 -2147482999 -2147483000 -2147483001 -2147483002 -2147483003 -2147483004 -2147483005 -2147483006 -2147483007 -2147483008 -2147483009 -2147483010 -2147483011 -2147483012 -2147483013 -2147483014 -2147483015 -2147483016 -2147483017 -2147483018 
64:1 -2147482977 -2147482978 -2147482979 -2147482980 -2147482981 -2147482982 -2147482983 -2147482984 -2147482985 -2147482986 -2147482987 -2147482988 -2147482989 -2147482990 -2147482991 -2147482992 -2147482993 -2147482994 -2147482995 -2147482996 -2147482997 
65:1 -2147482872 -2147482873 -2147482874 -2147482875 -2147482876 -2147482877 -2147482878 -2147482879 -2147482880 -2147482881 -2147482882 -2147482883 -2147482884 -2147482885 -2147482886 -2147482887 -2147482888 -2147482889 -2147482890 -2147482891 -2147482892 
66:1 -2147482830 -2147482831 -2147482832 -2147482833 -2147482834 -2147482835 -2147482836 -2147482837 -2147482838 -2147482839 -2147482840 -2147482841 -2147482842 -2147482843 -2147482844 -2147482845 -2147482846 -2147482847 -2147482848 -2147482849 -2147482850 
67:1 -2147482788 -2147482789 -2147482790 -2147482791 -2147482792 -2147482793 -2147482794 -2147482795 -2147482796 -2147482797 -2147482798 -2147482799 -2147482800 -2147482801 -2147482802 -2147482803 -2147482804 -2147482805 -2147482806 -2147482807 -2147482808 
68:1 -2147483145 -2147483146 -2147483147 -2147483148 -2147483149 -2147483150 -2147483151 -2147483152 -2147483153 -2147483154 -2147483155 -2147483156 -2147483157 -2147483158 -2147483159 -2147483160 -2147483161 -2147483162 -2147483163 -2147483164 -2147483165 
69:1 -2147483481 -2147483482 -2147483483 -2147483484 -2147483485 -2147483486 -2147483487 -2147483488 -2147483489 -2147483490 -2147483491 -2147483492 -2147483493 -2147483494 -2147483495 -2147483496 -2147483497 -2147483498 -2147483499 -2147483500 -2147483501 14460 
70:1 -2147483397 -2147483398 -2147483399 -2147483400 -2147483401 -2147483402 -2147483403 -2147483404 -2147483405 -2147483406 -2147483407 -2147483408 -2147483409 -2147483410 -2147483411 -2147483412 -2147483413 -2147483414 -2147483415 -2147483416 -2147483417 
71:1 18144 
72:1 -2147482914 -2147482915 -2147482916 -2147482917 -2147482918 -2147482919 -2147482920 -2147482921 -2147482922 -2147482923 -2147482924 -2147482925 -2147482926 -2147482927 -2147482928 -2147482929 -2147482930 -2147482931 -2147482932 -2147482933 -2147482934 2147483523 
73:1 -2147483376 -2147483377 -2147483378 -2147483379 -2147483380 -2147483381 -2147483382 -2147483383 -2147483384 -2147483385 -2147483386 -2147483387 -2147483388 -2147483389 -2147483390 -2147483391 -2147483392 -2147483393 -2147483394 -2147483395 -2147483396 20903 2147483542 
74:1 20134 6682 9956 17792 
75:1 16358 13656 6305 
76:1 -2147483544 -2147483545 -2147483546 -2147483547 -2147483548 -2147483549 -2147483550 -2147483551 -2147483552 -2147483553 -2147483554 -2147483555 -2147483556 -2147483557 -2147483558 -2147483559 -2147483560 -2147483561 -2147483562 -2147483563 -2147483564 
77:1 16746 
78:1 -2147483523 -2147483524 -2147483525 -2147483526 -2147483527 -2147483528 -2147483529 -2147483530 -2147483531 -2147483532 -2147483533 -2147483534 -2147483535 -2147483536 -2147483537 -2147483538 -2147483539 -2147483540 -2147483541 -2147483542 -2147483543 
79:1 -2 -2147482662 -2147482663 -2147482664 -2147482665 -2147482666 -2147482667 -2147482668 -2147482669 -2147482670 -2147482671 -2147482672 -2147482673 -2147482674 -2147482675 -2147482676 -2147482677 -2147482678 -2147482679 -2147482680 -2147482681 -2147482682 17827 
80:1 18862 
81:1 -2147483418 -2147483419 -2147483420 -2147483421 -2147483422 -2147483423 -2147483424 -2147483425 -2147483426 -2147483427 -2147483428 -2147483429 -2147483430 -2147483431 -2147483432 -2147483433 -2147483434 -2147483435 -2147483436 -2147483437 -2147483438 
82:1 17845 -2147483502 -2147483503 -2147483504 -2147483505 -2147483506 -2147483507 -2147483508 -2147483509 -2147483510 -2147483511 -2147483512 -2147483513 -2147483514 -2147483515 -2147483516 -2147483517 -2147483518 -2147483519 -2147483520 -2147483521 -2147483522 
83:1 2147482081 
84:1 23442 
85:1 2147481721 2147481891 
86:1 -2147482746 -2147482747 -2147482748 -2147482749 -2147482750 -2147482751 -2147482752 -2147482753 -2147482754 -2147482755 -2147482756 -2147482757 -2147482758 -2147482759 -2147482760 -2147482761 -2147482762 -2147482763 -2147482764 -2147482765 -2147482766 17927 
87:1 9814 6387 6075 12465 6195 12953 6545 13173 17986 15921 6461 15326 20556 12989 6323 6380 
88:1 16107 
89:1 18028 
90:1 12493 
91:1 -2147482809 -2147482810 -2147482811 -2147482812 -2147482813 -2147482814 -2147482815 -2147482816 -2147482817 -2147482818 -2147482819 -2147482820 -2147482821 -2147482822 -2147482823 -2147482824 -2147482825 -2147482826 -2147482827 -2147482828 -2147482829 2147482130 
92:1 2147482112 
93:1 -2147482703 -2147482702 -2147482701 -2147482700 -2147482699 -2147482698 -2147482697 -2147482696 -2147482695 -2147482694 -2147482693 -2147482692 -2147482691 -2147482690 -2147482689 -2147482688 -2147482687 -2147482686 -2147482685 -2147482684 -2147482683 11867 2147483148 2147483032 2147483005 
94:1 -2147482704 -2147482705 -2147482706 -2147482707 -2147482708 -2147482709 -2147482710 -2147482711 -2147482712 -2147482713 -2147482714 -2147482715 -2147482716 -2147482717 -2147482718 -2147482719 -2147482720 -2147482721 -2147482722 -2147482723 -2147482724 
95:1 8352 8300 11397 
96:1 13032 11768 
97:1 17398 22630 13782 14872 14359 
98:1 18120 17741 2147482252 2147482128 
99:1 6140 6336 5696 8210 8453 11312 8179 4382 14170 11085 14035 16884 
100:1 19277 
101:1 9496 7258 
102:2 10031 6708 10140 
103:2 12845 15493 21092 2147483163 9351 
104:2 14099 
105:2 10017 
106:2 2147483409 
107:2 16585 14785 17295 17294 17293 12063 14166 16587 14054 8361 14784 
108:2 12859 9478 6780 9505 5638 7791 
109:2 12769 9514 10171 
110:2 6802 10149 10035 16049 16151 16118 13253 13257 
111:2 5702 9332 17315 7137 
112:2 17958 
113:2 2147483336 17957 
114:2 2147483290 
115:2 13750 6850 
116:2 19695 
117:2 5758 
118:2 2147482611 
119:2 18908 13916 
120:2 16379 7668 
121:2 7868 
122:2 8155 17276 14213 
123:2 2147483144 
124:2 14312 
125:2 14421 
126:2 12692 5914 12628 5620 5885 2147482971 9420 6005 5907 
127:2 8303 14545 15922 13025 9896 6502 6192 
128:2 24314 12054 
129:2 12941 9655 9708 
130:2 20587 
131:2 15606 5800 
132:2 10131 10088 
133:2 10277 19518 6717 13276 
134:2 23783 17261 
135:2 15744 5596 12725 7750 9397 5999 12050 17270 14763 
136:2 21033 20092 
137:2 10986 10212 12722 19018 
138:2 18760 
139:2 11411 
140:2 20908 2147481919 12220 
141:2 14768 14710 
142:2 18710 10029 
143:2 12777 11109 2147481896 
144:2 14949 
145:2 2147483473 2147482818 
146:2 2147483432 
147:2 2147483014 17047 
148:2 14580 21889 
149:2 20944 
150:2 16353 2147483380 
151:2 20320 
152:2 20940 
153:2 16010 16119 
154:2 18696 
155:2 5834 
156:2 17634 20101 
157:2 9776 10810 15051 
158:2 23719 12074 
159:2 22878 
160:2 12739 
161:2 22190 6084 
162:2 17093 
163:2 15594 22598 
164:2 16115 
165:2 6703 6916 16047 16013 
166:3 22965 
167:3 13279 7356 16111 16041 6565 6689 6914 6810 6606 6867 10054 13945 5877 10186 16051 2147483501 9963 6820 6622 9987 
168:3 16106 
169:3 15482 2147483373 
170:3 15171 2147482373 
171:3 11694 7497 
172:3 2147481959 
173:3 18849 17979 
174:3 22641 5831 12077 
175:3 2147482871 14408 
176:3 13328 13064 
177:3 16531 
178:3 2147483394 16006 6681 
179:3 12425 
180:3 15517 2147483402 18230 2147482158 11923 
181:3 10567 13481 19447 14528 13502 
182:3 12589 
183:3 7266 
184:3 7459 21769 
185:3 6199 19724 
186:3 15743 12695 9352 15578 15579 15580 5892 15581 9559 5588 15528 21107 9381 9250 6610 21052 5998 5665 6823 9338 5857 9344 6205 15846 9558 6782 6699 6761 9374 8661 
187:3 7550 2147482683 8604 10299 11178 
188:3 8163 7902 
189:3 18754 
190:3 7367 2147482124 
191:4 10250 
192:4 13938 11140 11180 13834 13120 16451 11037 8086 11033 11132 13864 13907 
193:4 20319 8292 
194:4 2147482303 
195:4 12978 23568 
196:4 6441 9600 
197:4 21172 15723 19015 
198:4 19083 14014 
199:4 14491 
200:4 22797 16855 15067 
201:4 16124 
202:4 19765 14805 5841 15467 5916 17318 9280 5947 12076 18159 16544 14804 18471 10579 5780 
203:4 7375 7162 
204:4 9274 
205:4 2147483091 17355 5882 15807 21100 4647 12105 7961 13929 8173 8337 16523 11049 
206:4 7759 8166 
207:4 19011 
208:4 16481 
209:4 20065 
210:4 16369 7507 7735 10864 
211:4 13261 
212:4 2147482326 19406 16972 19405 16971 
213:4 17286 
214:4 7923 7832 7986 5986 14152 10943 19718 7898 12021 8014 
215:4 13805 
216:4 11093 13601 7419 7637 8358 
217:4 2147481748 2147481768 
218:4 8310 
219:4 18015 13964 8344 
220:4 7199 
221:4 3801 10438 22184 18792 18807 14530 14590 14531 7019 
222:4 11579 11529 
223:4 9993 
224:4 8149 10987 11099 
225:4 15037 
226:4 5701 
227:4 2147483579 21822 
228:4 15704 
229:4 22896 
230:4 15438 17629 
231:4 9955 
232:4 10357 
233:4 12560 8379 14182 4973 5132 
234:4 16459 
235:4 8659 12489 23605 5594 15713 12488 
236:4 7141 9967 7163 
237:4 5853 5717 5775 18027 12592 5982 9300 
238:5 15826 
239:5 16968 
240:5 6146 20104 15332 13020 13047 4565 20560 9610 13072 15864 15333 15334 9830 6358 6214 9795 6349 6076 
241:5 13376 22987 10049 12301 15720 6911 5956 6792 15083 5035 8662 9998 6630 4735 13437 10143 6594 13307 6618 10265 6884 
242:5 13545 
243:5 14758 14759 3092 8557 22445 9271 5874 2147482999 5819 5860 5699 2147482991 5728 2147482981 
244:5 24427 
245:5 9361 16532 8184 9563 9254 9571 14774 
246:5 17885 13652 13775 13708 12093 10645 
247:5 8194 8363 8142 9805 17148 
248:5 13527 10281 
249:5 7956 
250:5 4397 
251:5 12058 2616 4408 9543 12855 
252:5 21112 
253:5 7711 
254:5 12557 14057 2147481825 
255:5 13842 
256:5 20876 9477 15709 9439 5652 6049 12848 5751 12897 17287 5937 9487 14776 12779 
257:5 7995 16700 
258:5 13554 
259:5 20680 
260:5 9709 
261:5 9829 12980 6491 9666 6513 23570 17982 4622 7486 15324 11094 
262:5 6864 
263:5 7801 
264:5 4332 5941 4360 12804 9380 9314 5790 12840 
265:5 17016 6261 15962 14544 6479 6143 13181 9671 12999 
266:5 6824 
267:5 6357 6107 
268:5 13247 10016 6835 20567 
269:5 6851 6589 13387 
270:5 9464 18014 
271:5 10083 10224 
272:5 12476 2147482033 18757 6944 
273:5 15950 6416 6346 
274:5 6134 17087 6401 16684 9768 
275:5 12472 4678 
276:5 20823 18193 
277:5 15747 
278:5 5839 9382 5791 12705 5846 
279:5 5650 12587 12586 9262 
280:5 6678 6378 22125 
281:5 2147483197 11943 17056 22157 4744 17811 20355 14079 10742 11944 22159 8322 8245 8202 5879 8470 14572 14025 11945 11309 14573 14575 
282:5 17878 
283:5 5900 15530 12584 18538 15805 3595 14105 9454 9566 5973 5863 
284:5 12037 
285:6 5049 8162 11225 11027 16468 13850 20053 7857 7752 17579 11222 13463 8010 17578 8102 13971 7976 
286:6 16704 17513 12368 11597 8615 8593 11742 8656 14340 12218 17515 8606 14979 8725 8666 17766 8255 23974 8444 
287:6 20878 22645 20055 
288:6 6037 7213 7155 7284 14912 6059 20252 13592 
289:6 4980 17640 13891 11226 13894 7814 
290:6 8146 13908 7991 11229 11213 7987 13980 13827 12278 8057 16478 
291:6 17567 11015 11196 7944 10856 20793 16522 11160 11214 8117 11116 11041 23952 11075 7807 16558 7842 13260 11120 
292:6 19065 12022 17215 7843 
293:6 2147482958 
294:6 2147482017 19777 2147481981 2147483082 19677 
295:6 9923 
296:6 5687 
297:6 11751 11591 16512 17788 
298:6 14699 11139 
299:6 16214 
300:6 7928 
301:6 20686 12134 12133 19846 7658 2147482757 
302:6 9312 
303:6 7996 
304:6 8030 
305:6 13863 11072 13962 18981 7844 13950 7905 
306:6 9552 
307:6 5640 
308:6 13828 19714 17213 
309:6 11752 
310:6 9583 5595 5736 12909 4345 12801 5967 15698 5981 
311:6 5809 6045 15741 17285 9453 
312:6 18256 7839 
313:6 17636 
314:6 14247 16678 7079 14215 
315:6 14295 11320 
316:6 15301 12455 9444 6062 9658 2147483056 10322 5926 6481 18253 2147481789 16243 13129 24065 15980 11419 6496 6319 
317:6 12086 
318:6 9591 6549 9800 11357 17005 6202 4371 6355 13037 12960 15889 
319:6 13483 
320:6 15356 
321:6 11838 
322:6 6538 9844 
323:6 9889 6391 
324:6 10244 
325:6 6795 16068 16012 10039 20571 23588 9981 4401 6873 16110 6976 13306 6923 16136 18006 
326:6 12377 11682 10108 8531 20843 11610 2147482521 12987 
327:6 17015 14542 6089 17014 9864 6207 4568 8558 6528 17013 14541 
328:6 19466 14543 
329:6 12471 6584 7302 6612 16112 16138 
330:6 17887 16373 10923 10733 7665 13727 16400 13716 13697 7465 13790 10778 10691 7598 7632 10891 7428 13787 10883 7527 7640 16370 16301 14830 
331:6 18155 
332:6 21087 12088 
333:6 23854 
334:6 18175 14379 21811 2147483623 13620 2147483612 
335:6 18478 
336:6 21167 
337:6 14004 7537 7639 16381 10797 13694 14437 7426 13738 
338:6 7717 16831 7642 16830 14374 16941 4941 11795 2147481968 7496 11794 19212 4917 13625 21826 11793 13637 16829 12753 7432 7583 16828 6661 18883 10746 2147483349 11845 11792 16824 
339:6 7638 7429 10658 7494 12095 19793 16362 13755 4907 12094 14821 10766 
340:6 18323 
341:6 7888 13817 
342:6 13203 10047 17817 3561 6808 16705 16149 13323 6735 9965 9961 6965 11839 13207 
343:6 7203 11802 
344:6 18786 18263 
345:6 14487 
346:6 11238 
347:6 8140 11168 6744 12090 5609 15829 15253 5940 21101 9396 9512 
348:6 21111 9293 5637 15583 21110 9580 9383 15843 9510 5988 12784 15828 18321 18834 5921 
349:6 20845 
350:6 16433 
351:6 14129 
352:6 9731 
353:6 6473 6400 9754 
354:6 6435 15327 9691 7144 9276 
355:6 20132 
356:6 12861 
357:6 10643 13630 13701 11186 2319 10858 7683 
358:6 20365 4707 7342 
359:6 6857 13268 11842 6670 10137 3565 13344 9976 6822 10270 9296 14424 14423 6935 
360:6 13110 15936 3710 5942 15250 15329 6269 6414 
361:6 12990 13013 13096 
362:6 15470 6966 8459 19056 
363:6 5887 17358 12830 
364:6 20526 2147482212 
365:6 13177 
366:6 7217 17820 8340 11844 23822 14427 7298 8203 10548 10373 
367:6 9584 
368:6 17746 
369:6 16193 20233 
370:6 16159 18855 7103 10461 
371:6 15812 6047 12905 4412 6018 17357 
372:6 9311 
373:6 16335 
374:6 22118 22117 8265 10721 16623 14091 11474 11311 8308 8412 
375:6 6666 6972 
376:6 10869 10752 10915 10782 13645 7657 
377:6 5591 
378:6 7260 
379:6 5891 5748 2147482367 17320 
380:6 10667 7560 10719 17673 15133 10925 
381:6 9734 12464 9711 3121 
382:6 11460 11361 8419 6931 7693 6961 8472 
383:6 6338 9856 9679 13149 12459 6070 
384:6 15447 10802 
385:6 13178 17707 
386:7 7110 7106 17714 24277 13536 6998 12112 17371 19816 8657 22593 7301 10465 10443 21075 17370 
387:7 12788 6803 19810 
388:7 7557 
389:7 14926 
390:7 19823 17378 20228 17377 
391:7 7718 10683 7677 7558 
392:7 17382 12117 14853 
393:7 5622 10664 7424 12118 7615 2147482179 17727 19867 2147482787 14134 12119 23759 7521 
394:7 13590 14899 7204 14900 7239 13815 6402 7366 10957 7133 23169 7893 10604 22683 12157 17728 2147482722 13468 20247 22684 14901 14902 11409 
395:7 12615 2147482264 12764 16594 13843 7073 11686 
396:7 19949 
397:7 7164 17740 13664 17413 16644 15178 14881 2147482742 22652 13510 
398:7 10619 10924 21145 10731 
399:7 4330 16392 13794 7571 13783 13746 10799 7612 12099 14831 16354 7536 7551 
400:7 10536 7246 7057 
401:7 20682 7413 16406 19851 7390 13704 13753 
402:7 7016 7685 16385 12101 17349 10725 18943 10893 7478 7682 13714 
403:7 16328 13622 7592 7629 6362 11425 13797 7569 7544 
404:7 7415 
405:7 14832 7603 
406:7 18982 10965 16465 11001 11215 7896 23446 8050 14826 8047 14825 16554 14824 
407:7 11683 12194 14960 
408:7 8214 
409:7 12212 17506 8696 
410:7 6069 
411:7 9616 6293 9707 9769 6057 7282 6337 9678 6277 15328 18261 17987 
412:7 6478 
413:7 18672 12469 20927 15929 4545 13078 24094 13076 
414:7 18765 14160 16125 10026 11550 18001 13288 10222 13249 18000 10230 6377 
415:7 6816 9958 6722 6662 6645 16306 15347 
416:7 15348 
417:7 18719 5796 6736 
418:7 6652 6617 
419:7 13280 
420:7 18013 
421:7 7292 
422:7 11499 11549 
423:7 7559 8683 
424:7 13678 14303 
425:7 9438 12932 9570 21126 9503 5735 15800 9371 9574 5895 18024 20945 12825 5670 12857 
426:7 14399 9994 10231 15988 
427:7 13865 
428:7 13121 18348 
429:7 15685 
430:7 12627 
431:7 21046 
432:7 5131 11264 16596 7020 4844 8565 8722 14190 8563 7037 7044 15055 8635 14196 8650 8679 14387 7946 11055 11493 17600 
433:7 18662 
434:7 9973 
435:7 15817 12849 6026 12864 21054 24053 20897 9317 15529 
436:7 9954 6763 13393 14390 23944 10203 6563 7078 6654 18772 17816 21166 15469 
437:7 11073 11077 11017 
438:7 20754 
439:7 20714 20711 
440:7 7193 15381 18273 12594 15380 7247 13680 10944 20603 
441:7 5996 9461 12761 5688 9373 21118 21117 5715 
442:7 6159 
443:7 6302 9752 15536 6366 13009 15321 6296 13085 6425 
444:7 9757 
445:7 7856 16510 8027 5829 
446:7 11216 11011 17576 7985 7790 11009 16500 13875 11197 8234 13821 11122 13899 5003 17575 8108 3589 11410 3986 13854 7973 11171 8191 
447:7 17569 20051 
448:7 14165 8451 16606 14143 
449:7 8119 11634 
450:7 11475 
451:7 7908 7762 15041 
452:7 19093 14236 
453:7 19123 20029 20028 
454:7 11502 4859 
455:7 11606 
456:7 8577 16694 11747 11757 9542 11684 
457:7 14325 11700 17540 
458:7 11344 
459:7 6318 12257 15024 11619 14276 17555 
460:7 11599 
461:7 11035 
462:7 8168 16501 13941 11048 13860 13861 4799 8116 11031 
463:7 16134 10926 
464:7 10833 
465:7 2147482069 
466:7 24450 15248 20420 20421 13682 
467:7 11351 
468:7 10090 6649 13242 6818 6021 
469:7 17582 13979 8007 11046 7994 11100 11133 13804 7770 13905 4485 7918 13958 
470:7 21040 12319 10099 10198 18688 10089 16142 6764 10126 20137 6806 13767 10242 13329 15102 6990 13301 6554 15101 6807 
471:7 9321 16120 20128 6984 15094 15093 10274 20889 6891 13223 6862 13157 16054 24245 17650 6956 18234 10022 23003 15092 9964 15091 6151 10200 4681 10153 6900 
472:7 11333 6919 6852 10021 10226 6921 10014 
473:7 20071 
474:7 13896 20327 20326 7904 8069 8029 11158 8135 16450 8031 
475:7 13887 7828 14008 8052 13868 11162 13917 7890 8165 17593 
476:7 7827 22908 8099 17584 8073 8448 8078 8005 13977 7865 23946 17583 8376 11208 7974 7755 7927 
477:7 4856 18795 7372 
478:7 15757 12743 15754 7934 7951 14819 17882 8178 13852 
479:7 14432 16902 6814 9945 13350 13391 13241 8220 16901 6841 14171 12387 9959 
480:7 22479 17290 9489 5862 6011 5691 5646 9433 5747 14780 15897 5983 9529 5950 9509 15737 4339 5708 17289 14779 
481:7 5970 
482:7 22174 
483:7 12800 
484:7 12965 
485:7 7127 
486:7 11558 
487:7 6194 9951 
488:7 11932 17026 19060 11406 16571 14555 14554 10508 
489:7 9260 12049 12760 7921 
490:7 9474 
491:7 10162 6845 
492:7 13869 6804 
493:7 12039 9278 5697 9253 9564 18485 6860 9412 18156 17235 13029 12038 14736 22402 9485 
494:7 8051 11111 8000 7796 16477 7957 12068 9417 10109 17301 10792 7086 11905 
495:7 2147483493 16997 
496:7 11964 6448 6229 6055 13043 20214 15905 9597 11963 13049 19554 
497:7 12073 10779 10839 20423 20424 9366 6024 4385 10892 7457 18937 13706 20426 20427 7609 22515 13778 16309 12988 7402 4884 13692 10718 
498:7 12809 2147482635 20166 4557 
499:7 8414 11293 8264 8437 8259 11321 11395 11443 15252 11182 8138 8111 11092 7804 5088 8048 11095 13909 7776 7748 13923 10993 7913 8006 7989 11040 10963 11069 13925 
500:7 10689 14422 6605 
501:7 7036 11258 16236 10474 7112 
502:7 10354 
503:7 12863 11458 8253 11464 14109 4348 8323 
504:7 11926 14547 18620 6347 6263 4524 9917 9705 10724 6303 13087 6123 
505:7 9446 
506:7 9409 5724 4388 5135 14773 9588 5700 9416 12702 5792 12754 12767 2631 6012 15815 
507:7 16590 14172 11324 11417 14559 11303 8277 11272 14078 8368 14127 14028 11444 8189 8309 8356 11511 8212 22207 8319 19481 
508:7 9622 
509:7 6226 14281 8729 14231 6877 8641 15026 11760 
510:7 15951 15886 18656 9614 19463 8727 10309 4793 9870 10698 12986 14540 17012 
511:7 18972 11121 
512:7 9337 
513:7 9413 5692 9393 9323 12768 9493 5995 
514:7 9921 9828 
515:7 19544 13052 15940 15930 4518 4625 9699 6522 6410 13116 17039 6158 13158 9872 6234 14563 6283 9618 9692 4600 
516:7 13086 
517:7 15786 14117 17296 
518:7 17426 24270 17427 17428 9469 14896 17429 6174 
519:7 5706 6071 11938 2147483232 9736 6200 9636 6350 13165 6415 6805 12944 14565 13094 6330 9933 13152 9812 6417 6142 6495 6294 9854 6111 
520:7 7093 10450 10444 14015 19458 10399 
521:7 6442 14537 9767 
522:7 19673 
523:7 8289 11933 
524:7 2147482695 
525:7 10896 5100 8471 6601 6794 14436 6811 8096 
526:7 5607 5944 
527:7 11664 8713 8576 2147482606 11568 
528:7 13189 14167 8207 20750 11594 11851 16056 11368 6853 1695 
529:7 21913 16279 16906 
530:7 9486 12429 9463 7656 17893 16703 4356 18729 20127 14627 11384 6369 5971 7280 5890 12850 12832 9297 5632 11976 8673 5797 13762 
531:7 18464 5826 5933 12087 19784 5786 5842 5943 5680 17333 
532:7 12085 5614 3618 6015 9285 12829 11052 5807 9377 9320 12805 20739 12899 9437 6027 5873 15763 5656 9326 12718 6428 7279 5589 11117 22556 
533:7 20706 2147482769 
534:7 6635 
535:7 6273 
536:7 12091 
537:7 6628 
538:7 16244 12831 10404 13433 7318 10320 
539:7 7833 17212 15793 15785 8109 7767 6788 16225 7456 16443 14719 14718 14717 8003 4805 7772 11074 12019 12018 7907 
540:7 5770 15837 5704 9560 5787 12084 5645 12822 
541:8 4421 22209 17032 14151 11439 14595 14097 11935 11347 8370 14144 14558 10978 8331 8457 8362 14557 14114 8205 17031 8456 8377 11934 8199 8020 10657 10822 22211 7482 8326 8313 19077 11251 22214 8384 11396 16601 8288 15833 3231 14597 19479 
542:8 6164 6394 9668 11374 8278 11421 8284 8482 4733 11302 8318 
543:8 9252 12992 6085 7620 
544:8 17147 7410 
545:8 4965 8424 
546:8 6407 
547:8 7702 7535 7561 10785 7406 
548:8 8616 10264 11097 15089 6865 10228 9990 6839 13282 17645 13362 12309 10003 12307 15087 6963 12306 7392 20122 10209 20121 11571 16019 13296 10082 6580 6878 10096 6974 20119 9972 5655 12304 6752 6899 10152 12303 4422 6008 6920 13263 
549:8 6175 12466 
550:8 8560 8508 17759 17760 20299 12213 19968 12214 12983 5161 15185 17761 18185 16672 23894 22811 5854 2147482096 20807 12341 11830 17510 2147483273 12890 14973 17511 14974 19972 8525 13991 14975 11470 
551:8 11329 17071 15752 11261 14062 16875 14139 14013 14411 8372 11277 14138 8252 8328 11442 8357 16877 4692 4687 11484 8477 6924 11831 11469 20360 6834 11386 8408 14089 16878 19510 11278 8410 
552:8 10134 5740 15082 
553:8 2147482888 7621 19594 7552 13763 10627 7397 7393 9376 7734 7726 7431 13668 10875 10675 7698 17145 7732 17676 17675 20170 7545 7720 13764 13723 13743 8334 20169 13679 18920 23052 10901 17144 10816 13626 3067 20167 5641 13639 16357 11310 
554:8 13732 6489 
555:8 14045 11346 2147483457 11255 11498 14157 11485 8381 14125 8383 14162 5713 19282 14052 8274 11832 10067 17073 10295 11405 19280 13809 8435 14146 16880 8297 8330 
556:8 9946 
557:8 6275 9834 6271 6370 9630 9603 6311 17976 13002 9620 9625 15852 6126 9688 18651 6090 15993 6488 9702 16002 12959 6232 9858 6535 13092 6409 6260 6094 15318 9871 9617 9914 
558:8 16177 7076 10491 
559:8 14113 8281 19062 8225 10160 8226 19038 19078 11381 16737 14561 16586 8390 17036 17035 8382 12887 11317 11304 8399 19484 5069 19040 16627 16624 8420 11936 5744 
560:8 17981 
561:8 13453 13055 6106 9857 9781 6500 15902 18661 9601 24079 13168 9884 4581 9802 17978 6167 6359 6512 6507 18258 9664 4563 6077 6238 6203 12977 
562:8 24086 18260 9860 
563:8 5036 11480 11476 16869 8463 11822 5820 5864 12783 9414 8105 19267 5952 19266 14402 9322 11516 5608 5904 12872 14401 9476 15749 21885 12851 5924 12826 9279 11206 
564:8 8211 23996 16651 8418 18192 8406 8235 8436 14123 16612 19915 4777 8222 13570 14927 8270 10980 12176 11434 15062 14928 19917 23994 12177 8291 5032 18221 18190 7351 14929 17747 8421 11490 15496 8397 12178 8231 20279 14930 11430 18220 17467 17749 542 15518 11322 12179 14932 14934 10387 15869 17468 14937 19924 12181 8229 8409 19925 16618 19076 16668 19926 8613 8569 8726 8649 11618 17470 19927 17962 17471 19928 14938 12184 19929 22752 19930 4343 19932 22754 12185 6453 6325 19933 9335 19934 17477 16735 22764 19938 12187 19120 19939 19940 11611 8509 12576 8596 15182 14941 8555 17482 2147483102 14942 14944 16741 18217 2147482654 14945 9943 14253 11627 8517 11635 17483 8521 14297 12188 8534 17752 16719 13835 23904 17484 17753 14947 14334 11515 11581 12189 17486 4599 8631 
565:8 9879 
566:8 12338 20175 13742 23312 7514 10673 7444 16318 7477 7387 7483 14642 14002 23060 20177 11008 14643 11984 11985 11200 11050 11091 14644 15136 7662 7969 7439 5810 16382 17151 20178 13696 7633 10669 7614 10807 7554 7422 4366 7485 10708 13788 5980 12975 7480 5611 14646 13965 12918 6462 15814 14647 5662 20179 6039 6050 9267 19599 6567 17681 5726 5624 6332 4335 19600 15692 19601 6869 16655 6053 10638 9327 17153 5605 23066 23067 6061 10449 4835 10455 4810 7293 17154 18850 7002 17155 6999 7352 14653 10378 13397 7070 10457 10494 17156 7105 9713 11987 15972 9771 9690 14654 13506 7048 7945 7499 13734 23068 6301 9318 11988 6455 6065 7215 6449 15941 20183 7013 11989 9762 7257 9918 18521 15138 17158 8254 17160 2147482905 20185 6097 23075 15141 16569 14656 6385 9925 9623 20186 9799 9606 9873 6196 17163 17164 14657 6220 15142 6230 9910 20189 20190 20191 14659 16712 13098 10933 11991 9466 23084 23085 13080 17688 15146 17689 17690 6397 14660 18668 6458 4475 6068 6268 6266 6227 11992 9635 22307 15148 9794 11993 14661 2147483599 17339 12344 11995 14662 19611 9818 15153 13255 6331 19612 14663 11996 17173 11997 9899 9765 17807 14665 
567:8 9915 6117 6317 13108 17184 20210 9848 9459 14679 14678 2147481759 20875 12348 20208 6072 15164 22324 20207 15163 15824 14677 14676 6104 20206 12001 12346 17703 12002 20205 12963 9689 17699 12000 15161 14671 9803 15158 14670 6518 6307 14669 17175 6108 14668 16000 9661 15157 15986 6138 14667 20199 23099 23098 13104 
568:8 6543 6498 15981 17980 13164 9740 9832 
569:8 6615 6784 4667 18166 16133 6973 
570:8 6374 
571:8 8427 14058 11461 14023 8221 17037 11388 17096 8364 5788 
572:8 8467 14560 8431 
573:8 11543 8425 11586 16344 8697 14267 12236 5152 14288 20311 8533 14999 8669 16721 8519 5154 8716 12238 15000 8578 19074 14320 11640 11519 15001 15002 12239 20013 20014 8619 4579 20015 20801 8506 12240 15190 12241 8575 15004 8632 11741 4547 17542 8623 12242 14296 18183 11544 16714 17543 11620 17777 20018 
574:8 13113 6413 17041 9624 19546 9764 9796 3641 15881 11722 9887 12936 9833 9778 6222 12935 15884 9741 8658 9924 18624 15946 19548 6539 9806 13036 12968 9808 9653 6259 6066 13146 9789 6432 6101 13131 6221 6547 
575:8 15353 12946 6675 9970 16095 6556 6642 7643 11657 6959 10173 10028 15354 6821 18693 10135 6557 
576:8 19276 16577 14094 11253 17070 14072 8429 14578 11494 14154 16625 14410 11358 14030 14050 14409 14153 11337 8216 17069 14102 17068 16583 18262 14177 8239 8232 14033 8306 8398 6184 12913 11446 17066 14040 11459 2147483187 14406 5080 8250 8371 11826 11825 14405 
577:8 11598 14315 11535 8705 8640 14332 11584 10780 15011 11648 8618 14245 14301 7323 11603 8665 11647 15193 14218 11565 8511 15014 8540 8711 10237 8633 11701 12252 11523 8684 10549 8639 
578:8 10243 6638 6812 10158 6673 21039 16116 4458 12798 17657 16046 6729 13214 6614 6849 6562 10199 10084 10219 10012 16057 13295 13218 6799 6895 20886 5843 10075 10116 10163 10103 6637 5989 23016 6656 3726 9840 13317 20140 23018 13286 9306 4677 13318 16098 13294 10101 10821 6574 10201 6509 9256 13313 10259 6732 12321 4383 6747 9991 14163 6986 15204 15104 15105 4683 8070 13289 24033 10424 10008 17659 6575 9465 13217 10859 12381 6871 6903 17660 16058 13381 
579:8 4537 14600 11955 8512 6251 19549 12958 13179 6145 6364 6186 6542 20212 6383 13163 9700 10452 6153 6099 13150 11284 14601 11958 17101 9874 17102 9599 13026 11959 13045 9687 19551 9619 3672 20213 9631 9703 11960 6548 9853 9613 6191 17842 9932 9813 12970 11961 9675 17104 13111 8177 17843 15996 8495 12943 9701 6133 6163 8514 6309 13089 12974 6172 17105 6403 23120 14602 17106 
580:8 10124 
581:8 12320 
582:8 21156 6390 6316 18669 17109 9697 6431 
583:8 10032 13345 15113 15112 21037 6578 7294 10258 6688 15111 6985 10146 6831 7146 9579 7369 15109 7275 16154 12323 7230 7148 7174 16158 7362 17661 7187 23024 
584:8 14606 6399 9627 15895 11375 12948 13128 9637 16003 6105 6119 6523 13027 6225 9926 14605 15957 9827 6080 6150 13126 19081 18367 23122 13155 17115 11651 9593 22233 9644 18639 17116 6289 19558 6278 4551 13162 13822 13022 11715 6276 6367 6376 6486 6154 6308 10586 12945 13143 6124 6463 6344 6477 6122 6160 17111 6368 17110 13090 
585:8 5768 9365 4377 5784 9298 8097 12797 3585 13018 5828 12106 7464 12107 9275 23457 12746 17359 5660 20459 22245 
586:8 4763 10611 17819 11843 7268 11143 
587:8 4355 9974 9272 5600 
588:8 5823 12833 9273 5767 4357 12871 13059 13471 15740 5674 9259 9359 5693 19560 13500 14610 5627 12877 12772 11646 7128 17121 13348 10246 14609 11658 7719 14608 14343 8651 14323 23462 11737 8505 8634 
589:8 11973 11974 20468 17132 11975 17892 17133 12853 9550 5743 9395 9370 19573 10072 14622 12852 2147482152 13352 6023 9422 23470 9553 9534 3627 5648 17128 12700 9334 5949 9367 20465 9299 14618 20464 9504 12747 5732 6041 4351 17891 15842 9530 23467 9562 9495 8041 10538 12707 9513 14616 5922 5976 9484 
590:8 4895 10862 7727 13771 7463 10685 10936 4913 17134 10650 7440 7608 17674 7580 10916 11977 4447 7725 11978 11979 17135 13240 16646 8473 17137 12865 14629 14630 7644 10647 22267 11239 16505 11101 11980 19583 14631 5818 7766 4379 19584 10977 8100 9289 20162 11195 4996 7794 7894 8045 7873 7938 11981 14632 3803 13810 7970 17140 13910 7906 7821 8053 8104 6896 7758 16432 7965 
591:8 13355 12921 6634 
592:8 10948 8152 11240 11106 22566 10985 13934 7747 
593:8 6083 
594:8 18235 13385 4651 10204 10076 6779 16062 7834 13675 17646 
595:8 12841 9389 9388 9561 15589 14066 12789 18481 9268 18511 12749 9264 5675 15778 15697 5817 7121 12819 4442 10956 5764 5917 6013 9343 5022 9302 11418 6223 11580 5795 17341 23459 10982 12994 11965 9448 9460 9340 5847 8535 11641 11608 10529 8489 8646 8407 14333 8653 8723 
596:8 6152 14599 6329 4605 19487 6250 9786 15937 15911 2147482169 9779 15969 6396 20404 4590 9862 9662 6429 9866 6043 9770 15923 8621 9674 14216 4522 9766 17098 6419 13176 6233 17841 9868 6354 5918 9608 9824 9739 17046 6452 13136 
597:8 8339 8438 8208 11330 10952 14404 11404 8204 13947 16871 8393 8355 8043 11414 11486 14070 14133 6247 4983 8443 14087 
598:8 10894 14118 7694 19842 12345 18121 12130 12544 7652 14871 17397 11939 
599:8 17266 8181 8059 11176 11159 17218 16422 7883 8141 22443 11155 7979 8094 7825 8185 22442 17263 11114 12023 8074 14721 22441 11167 16420 14722 13933 17221 19655 17222 22381 7820 8033 4712 17223 6395 7878 8145 17262 16546 5814 9357 12027 14725 12026 11024 7869 20106 14723 14752 7851 8188 14726 7803 14751 19028 7788 7107 17256 12045 10941 7751 10960 19660 13666 12029 12044 18561 2147481914 8062 7954 19699 6695 17638 22968 
600:8 8353 19075 8450 20763 20764 20353 17810 19497 14569 8423 8304 11942 16180 2147482227 7846 11263 11353 8219 14150 19493 10057 15473 23837 11660 10596 16675 14567 11327 6351 8416 
601:8 12316 15097 13300 10118 5729 15096 4736 12315 6906 9521 10192 12314 6663 13369 20888 12313 10113 4671 6917 12312 13237 4391 6650 10078 15095 6564 
602:8 15761 9328 7305 16183 10561 10413 18788 13503 17894 10375 10522 7052 
603:8 11295 17812 8273 
604:8 6020 23326 17065 19503 17064 14576 20757 8479 11363 17814 15471 11947 11488 11946 11423 8365 14027 20358 17061 8260 14021 14036 8400 18168 19050 8466 17813 14031 2147483069 4876 17059 14043 8474 
605:8 16038 18694 
606:8 8325 12286 8481 10825 12570 15064 15065 11711 24360 11380 8320 20835 8433 18201 17607 17608 15499 14180 11297 11482 11289 14041 23923 4509 18200 5116 15498 14176 19086 12290 9266 17611 2147481851 
607:8 8614 9281 5875 12083 14570 5586 9506 9582 23801 12817 22553 9488 12893 5782 
608:8 20369 
609:8 8022 13914 8023 8186 7932 13954 17343 7875 8018 7136 5912 
610:8 8257 
611:8 8343 5107 10804 
612:8 15218 8170 14451 8298 8317 16565 8401 20755 16567 14029 14132 15217 11325 14452 8380 14101 3670 8237 8294 
613:8 15779 
614:8 11847 14430 6655 6272 16005 6676 6687 10563 16008 16036 7157 14429 4975 
615:8 14613 17125 9677 4555 23131 9920 6524 14614 15166 15983 6166 9744 10674 18885 20222 6157 13082 11967 14051 6447 6322 4424 9319 20218 14174 9931 9816 11968 13182 11969 13031 17126 13175 22247 19342 11150 4642 
616:8 6000 10421 5987 9336 12482 15797 15539 9698 8562 9379 18556 12708 5894 4374 
617:8 8351 
618:8 11023 7543 19414 16978 10392 13421 2147482350 
619:8 20610 7360 7131 18055 10466 12914 16471 7176 15387 20613 7242 10616 13589 15388 18057 15389 10507 15390 18844 7350 6519 10066 7309 14500 16174 7395 7339 18275 15547 16195 17729 15506 12597 16205 7122 15392 18059 6128 10564 23639 13540 18779 16234 7116 7001 18061 15393 12503 7090 7870 7335 18062 16253 10462 18064 7259 7237 16273 13479 13075 13555 7054 2147482544 10380 12504 2147481836 10997 15394 13454 7304 9638 9354 13585 10458 7221 10358 10527 7108 7071 5812 5832 15395 10584 7251 10469 18277 10502 4704 7104 12505 15396 12506 16991 7053 20956 10454 20618 5599 12507 20619 10553 18069 9906 5711 13256 4593 6506 9908 7241 7015 7045 15398 20621 12508 4634 18071 10416 6433 11729 7058 6327 4493 6165 18280 18072 10286 7159 16266 13519 11177 7096 12509 23646 18073 24424 7198 15400 12511 13446 13465 7172 20628 13484 18281 6091 12512 18074 18075 13420 12598 9842 18076 20959 10599 5911 13455 7145 15401 20629 20630 10524 15402 10285 12515 10361 18282 20636 5808 15406 15407 18079 15408 6181 2147482500 10335 7271 7095 4517 20964 7373 18283 15409 20965 10280 12517 12519 12521 2147482150 16283 7142 6457 6934 6758 4586 13205 24139 18083 13304 13211 18284 20966 20968 13187 11420 6643 10087 15412 18084 11042 12758 15414 6737 10975 10232 16391 24142 20496 23667 4503 6713 7526 15416 6644 10233 18086 18286 13322 20971 4646 6888 6798 10211 9784 6743 6474 6749 10294 7094 23677 20648 15419 20973 12601 12524 7191 11723 12525 10266 10401 15421 23681 20975 7276 15422 10316 13580 13520 20976 8092 18090 4515 12631 13515 7728 16276 12527 11089 12528 15425 5772 20654 8247 10533 7587 12529 16282 15426 20657 7135 16237 18097 15427 7647 7634 6993 20659 24421 12530 2147482337 20982 12531 20660 15428 21130 6092 4785 14155 24356 7181 18287 15430 15832 23700 13571 20662 23702 13573 2147483468 2147483570 23703 9646 18101 4765 15431 12532 11994 15210 7032 7197 15956 18102 18288 7223 12533 7256 12603 15432 11012 18103 16230 10568 18835 6459 15433 16222 10393 23709 11512 11531 18106 15434 10441 12535 7170 21131 15441 23713 18369 16272 13482 15555 11966 10534 15435 15436 15437 8445 16200 12537 10371 8248 12538 18107 7050 18108 15404 20632 21134 20678 10514 10519 12540 10590 12541 
620:8 7411 14450 14068 11248 8244 8037 8386 11124 14169 8241 11306 8305 16643 11316 7326 16921 16640 11364 8367 14181 14059 8475 11365 16919 11370 11308 16630 8286 11399 8200 11389 11859 14448 11287 18167 14449 8373 8392 8455 8439 11858 14047 8283 19314 14039 2740 14071 8258 8197 7858 8267 
621:8 8171 11201 10996 7845 11149 15056 8049 8103 10968 20076 7971 8080 19082 8360 5908 12283 15057 8153 12284 8084 11032 12285 16985 16421 11440 
622:8 6979 6785 19637 13206 13366 10262 13213 10094 6595 14219 7548 6913 6671 10197 6730 14523 10208 14694 16071 10223 16140 13073 13248 13233 10125 10001 18770 6653 10202 10050 19435 13291 6551 6683 6001 8405 11328 10484 13274 19434 18519 6912 14074 6660 14522 22355 6599 10064 16999 11907 10168 11906 10093 13451 6940 19432 13316 11467 2147483331 14520 14519 14518 13202 6882 4675 6745 10000 10190 19634 10046 18690 10218 6731 10040 10133 19633 11904 11903 16060 14517 14516 6880 22352 17196 14515 16995 6248 16338 10641 13688 10870 15781 9462 10677 7447 7533 10920 6533 7524 13769 22062 7670 7449 14513 4950 19630 14509 14510 10805 7418 7442 16992 16553 10808 13597 7475 11901 9843 7688 7745 13779 22349 15982 4948 13760 10761 10871 14506 14505 10935 19424 11900 7556 22346 19627 19626 17195 12727 6825 11005 10890 
623:8 10634 5851 5621 9548 6952 12756 15527 13967 5679 15835 5667 6870 12815 5698 10019 5644 12860 9356 9330 6048 12733 18317 18245 21059 12888 9545 5958 20893 15770 18316 9261 9358 4369 5633 10955 13918 12785 9406 5930 16687 9291 12755 12583 18338 9316 9533 8513 6030 9363 15735 7225 7063 7277 10440 10362 21105 15576 16172 18776 12582 15525 12736 11492 20892 18242 18336 4711 7546 18241 6898 6620 10784 18315 6583 
624:8 9339 11163 13264 24255 6715 15571 6672 6753 16033 15523 6827 6828 13379 13358 4399 6929 6613 9445 15572 15522 6769 6953 16137 6581 16094 6552 13354 10114 6938 4358 13336 6848 6983 6981 6796 4419 18239 6801 18314 15573 15574 12580 15575 21048 6755 6768 10263 16027 16440 16093 13196 
625:8 6813 18237 16064 6846 6597 10159 9500 15521 10217 6353 
626:8 6511 15313 20921 6389 17972 9604 4606 15314 8350 6487 6147 6060 12462 13147 13065 6241 6206 15750 18257 17973 6176 6078 9772 6480 15990 13035 13060 6280 9792 9825 9685 13170 15871 15959 15875 20920 6405 13077 6190 13058 6445 6290 4638 6282 15315 12463 6073 20547 13016 17974 21120 18255 9641 11456 15316 6197 15317 20918 6379 6531 
627:8 13267 12741 10187 6590 
628:8 15566 15275 9331 15276 4693 12824 6025 12441 13310 10254 6856 9968 7310 6889 6740 23509 4533 9997 6977 6691 8491 21005 6566 20512 23512 15278 12442 15277 15565 21004 18715 16018 21003 9852 17934 17935 6690 16040 6692 11142 10907 15564 7098 6817 6640 13342 13028 18300 7084 10130 12993 6712 17939 18299 15279 15561 15560 15280 12443 9999 12612 19581 6609 23515 6901 10272 6948 23516 15282 13395 10100 10121 9785 6874 10071 17944 12445 24179 4915 12446 20517 2147482463 12611 13319 15559 18297 10004 6219 21000 18296 16007 10052 18335 10269 6939 10420 8008 9975 4662 21096 13377 8131 6718 17948 15284 4758 20999 6797 6781 6623 15285 13238 6866 15237 6826 2147481930 3730 15286 20519 6680 10276 6765 15287 11455 6724 20998 18295 24282 17950 20521 17951 15288 6783 24301 11192 24175 18294 10252 6876 9838 9837 13351 6774 6577 6886 12449 6555 18736 2147483525 24172 2147482403 18293 20523 6719 7972 13209 9791 11376 12610 6674 18292 13981 1917 2147482673 2147483634 6728 8113 6579 12451 12609 9909 15289 15290 23528 7173 13544 6228 17953 10384 7317 7049 12452 15291 12453 20992 10038 6751 9995 7151 15292 10324 12608 20991 20990 15716 12607 10844 15294 17955 12606 12605 23531 18329 16291 7253 15295 15296 7250 16179 10682 12927 13542 7190 20989 20988 2147482418 15297 10278 12454 8411 
629:8 13489 7033 
630:8 13741 12166 7300 14168 14913 13498 20246 7100 13496 7322 16139 22708 18801 7931 22709 10002 7160 20245 20244 13447 7038 13466 7434 10593 22712 7009 20243 13885 14915 12168 7267 10481 10345 13460 12985 21068 17448 5129 4395 7060 19906 4866 13478 15766 20239 17449 23159 17724 16297 24406 7126 7296 7021 10442 7700 11282 18811 7224 23158 17723 7285 12171 13458 13473 7008 17452 13445 10511 7123 17722 7316 14918 7348 10617 10328 13546 7228 7263 11810 13942 22721 10300 12172 21070 17721 10594 7340 17456 17457 7179 9656 7109 12173 22725 13509 13586 12174 5623 10279 7089 14922 14923 11300 17460 10569 10446 13408 7012 13568 7261 7192 13448 17462 7030 7083 11252 22734 7149 13550 23148 7245 7091 24407 16242 16208 7229 
631:8 11448 10267 4380 10155 21109 15582 6955 
632:8 15383 7358 15382 7357 16280 7336 18049 
633:8 9407 
634:8 11415 7522 9421 10717 7607 10865 21934 7618 13719 10755 12925 9270 7674 13662 13758 7699 11815 7010 14395 7661 21876 11814 19261 10726 10696 10798 13687 7532 11151 7722 13798 7396 7704 13671 16857 10713 11398 14393 7379 11813 6996 6118 9672 7635 6968 11812 20766 19254 3837 7472 7589 7573 7690 7455 12685 3865 10712 7541 7708 7599 7416 7398 7697 7582 10655 16324 7474 14391 7437 6859 11811 7414 19250 13627 13003 19249 10714 7421 7501 7705 21870 19335 19247 5628 21150 2147482392 2147481945 2147483647 6514 2147483538 10239 9517 10888 10849 5587 19229 6686 16838 2147483559 21840 14465 19354 10898 10711 19066 19226 11801 21962 14378 12158 23382 19224 10622 7689 8315 13736 10820 10854 13759 10826 10653 10660 7500 7097 7733 7378 16836 7443 16835 11798 2147483601 10728 16832 11796 
635:8 16903 10906 10058 11393 
636:8 16789 7505 10861 7399 11777 19174 10729 13781 7646 16788 16787 10762 21789 19173 10951 19172 16786 10735 14357 19171 21788 16785 10743 4925 17836 17835 7671 19393 11885 13647 14355 16361 11775 14354 21787 11774 19169 21786 10695 9615 16178 10900 5727 13795 14353 6754 19166 16783 7941 16959 11886 19162 13650 13640 7383 7549 10649 7382 16780 11772 10928 16779 7736 10707 10786 11769 11771 11770 10694 22018 18176 20775 10817 19159 7731 4885 7584 16776 16961 19400 21780 7627 10818 14349 16774 16773 13000 7476 7636 10693 14481 13617 13199 16771 7713 7518 7742 13739 7433 7566 11766 19153 11765 16307 11888 16769 10879 11764 7591 16767 19152 11763 19402 22027 10670 10932 11891 7593 16966 7510 19148 11762 20390 4935 
637:8 6460 15370 5669 18031 18032 4582 7308 7320 20947 5844 7519 24114 9419 5990 5960 13014 15834 5779 12730 12729 15371 12491 5883 5682 5972 18269 9288 6750 15784 4390 5636 20592 5707 12854 5803 18578 18494 12879 6006 6007 9309 5804 15372 9269 13105 12694 7746 18035 18036 15755 5969 6040 12693 6010 7749 5781 3544 15373 5925 5742 3095 12874 9498 6019 9308 5653 5968 5657 
638:8 20747 6941 6598 6790 13363 13225 16079 14433 13339 6648 10256 
639:8 6182 10602 15258 7324 7255 10331 8026 16265 7278 10303 10364 7067 4624 13495 10394 7347 17895 11773 2737 12383 16213 17904 15264 7168 16240 7236 7363 10555 10351 16269 13575 7345 24295 15265 20479 7208 24226 10615 7274 10194 13569 20480 7101 15266 17905 9507 10377 10758 20482 16464 20483 7132 10578 15267 13594 15268 10432 6659 10207 6832 10221 6553 12434 15269 20488 11639 20490 23751 12616 15219 15802 2147483129 12372 2147482851 12614 24208 20500 20502 13584 11807 17952 2147483045 15271 17920 23500 6700 6975 6711 6829 10174 24198 12966 21081 6933 7984 10098 6980 6742 6706 21011 6028 16072 6558 10141 10210 18303 16128 6738 11408 8345 6586 10976 24191 
640:8 7361 16905 21912 6868 11848 6621 16146 6915 14434 6570 
641:8 14471 16790 19175 7650 10850 19375 7540 4495 10909 19376 7473 4901 14360 16793 11779 19379 16795 7503 19183 10908 7408 8388 19184 19185 14362 21799 10486 19186 7389 14475 7488 13752 19189 16802 19190 16803 7403 4543 10630 7684 16805 10767 15227 7669 16376 8195 
642:8 8079 8118 8387 7805 18902 7993 11135 7922 13949 16524 11242 11081 4982 7812 11207 15855 8148 7756 13963 11053 10946 16539 5869 11022 13840 13924 8172 7027 7926 16498 8115 16507 13939 8112 13983 17572 8067 13858 11078 8076 12268 10972 10961 7968 8136 7779 17573 13825 6861 15039 14000 10958 13851 7786 5021 8125 15040 17574 10990 11231 16466 8039 8154 
643:8 5977 19759 5752 5769 2147482294 4790 14801 13331 12075 4427 15466 5965 14802 20730 5709 12696 
644:8 8299 8327 7773 8480 8349 7493 13780 11855 11856 4812 5115 14444 8428 8432 8275 8413 5123 8332 19312 7955 11857 11652 5690 12734 7806 16593 15799 16638 16600 8295 5852 
645:8 10918 11703 6237 11789 16945 16823 16822 11878 11879 10716 8668 11788 16383 11787 7564 13356 10884 10887 7489 9520 6313 16948 19367 10845 13302 21979 11786 16812 6121 14367 20769 9405 16811 19370 16809 19200 19197 7081 7716 20770 11783 6838 
646:8 7384 15048 11188 7753 7789 16551 8055 11129 8114 14370 
647:8 4650 
648:8 15703 
649:8 19209 
650:8 15810 
651:8 11497 11294 14441 8285 8190 21918 20371 14440 14067 11392 8238 8268 23830 11854 11359 11366 8296 16913 14438 8434 11853 14053 10700 23828 19308 10794 10789 16364 13715 10772 7400 7666 23334 9525 13735 13912 10659 13748 16912 15771 16911 11852 
652:8 11034 15047 7784 8064 20063 7774 11218 11203 13847 7988 8071 20787 11051 7849 20786 8144 13982 12274 10830 11148 13988 16538 13884 11080 8088 14373 7900 11003 12275 7912 11018 7977 13874 6600 8082 7950 16438 7867 8122 5034 7966 7949 20064 7953 
653:8 11356 8276 13251 10261 16917 6947 4567 6936 6696 13320 10166 13277 16914 10550 10434 9632 13628 10188 20753 10668 14443 7453 10069 13819 11422 12776 11343 11275 4446 14442 11391 
654:8 14148 20372 8311 8206 
655:8 5136 20366 7055 19303 6757 
656:8 12495 18048 
657:8 10559 18865 7111 18047 10368 20949 18355 10406 6501 18046 18045 4556 9811 8359 7311 7051 10560 13083 6510 16281 13552 10517 18625 16207 6204 10503 15377 10313 6295 
658:8 6693 16017 4630 6004 6843 6879 14398 16864 7625 13669 16926 7628 7602 9353 19325 7420 13728 7617 
659:8 10048 18766 13349 6969 6767 6837 6664 13338 6902 9992 4717 6833 10241 
660:8 12892 6420 15774 11820 5974 16866 5663 13823 12876 9942 6103 6625 11819 7659 10085 7712 19264 6297 6632 4989 15684 20765 14400 
661:8 6602 
662:8 6943 6927 16108 6910 20570 13269 13359 10127 6658 6787 16090 13337 13194 12474 10196 10165 4601 8667 4440 6949 6669 10181 9969 6881 12473 4734 20568 10023 6950 
663:8 6593 6739 20932 13284 4682 15350 6892 10177 15349 13312 6967 6608 6701 9612 
664:8 9727 9640 19464 4497 6240 19524 6136 6520 
665:8 6723 
666:8 10024 6636 6067 6777 16121 6922 6962 10236 6721 
667:8 10156 10248 6789 10255 6809 4519 6907 10206 6897 18003 
668:8 10164 
669:8 4737 18002 10229 15346 6894 6705 9984 10260 
670:8 13030 6187 5710 3883 5683 17089 17018 11281 14549 5868 13799 6494 6454 13103 18589 7498 9680 16221 9804 4713 6216 19471 6430 10010 15728 5703 13007 12697 17019 22112 9540 12740 5878 9939 5759 19472 10418 5750 19533 14550 11928 15820 12684 5867 9483 17020 14551 12894 22115 5934 11452 8404 11291 8301 14147 11496 8462 16579 11267 8338 8389 8454 8341 19475 8324 10185 11427 14553 5078 17023 
671:8 16263 10526 7041 17999 13518 12880 7319 4761 15344 13567 15345 13371 6720 8347 
672:8 10282 12979 6183 6131 7265 10417 10487 12470 15343 20929 13067 16226 7252 
673:8 9596 18637 9819 19468 11925 6492 9869 9928 15910 6393 22110 
674:8 16194 16258 10419 13562 24428 6516 15863 13139 15918 9894 16622 9605 6978 6120 15877 15341 10608 9629 9782 4488 15340 6087 15872 13054 18588 15866 
675:8 6521 9865 9823 6320 6537 20928 13174 6141 9867 9626 9877 9929 15339 15994 9777 
676:8 8312 13156 6406 15944 6173 
677:8 9710 9758 6348 9726 24093 15336 6422 6231 6201 17997 6423 9897 5824 20926 17995 6382 4510 9589 23578 6063 6536 7329 6472 9673 6444 15928 16304 6439 6451 13012 6285 12468 15879 14244 6211 9650 9883 15914 17993 9851 6178 15335 9733 5833 9714 
678:8 11473 17024 6345 14115 8469 7139 8201 
679:8 20112 
680:8 4487 8516 16697 9669 6437 15868 4513 13145 
681:8 8680 9836 9875 11921 19526 17009 9633 6418 13127 6372 6334 6262 4560 9793 
682:8 10215 6987 10111 
683:8 7234 16157 7264 15917 7088 12630 15544 20597 7364 7183 10543 7295 6497 6995 10471 15376 18041 13566 18040 20596 20595 18039 12492 6306 10423 7330 7353 7154 6470 6144 18038 15375 15374 7238 10275 10298 10447 
684:8 5806 12593 18030 7118 7024 4760 10472 7327 15543 18029 
685:8 5884 15745 9447 9303 12748 15369 9441 12487 5936 15368 12704 5661 24109 5741 9538 12901 12846 5939 9403 5903 12906 12917 20585 10366 15970 12886 8523 5837 5856 23603 15367 5757 
686:8 14591 8572 
687:8 5948 5651 5719 15366 18023 5858 5619 12719 11314 15541 9255 9547 12821 5888 12766 10554 2147481992 5855 18022 9546 7272 13616 18021 10931 20941 9402 
688:8 10734 16397 7430 15363 12484 23599 5720 6341 5849 6236 6051 15707 5673 9532 7248 4344 15787 13505 5585 5951 
689:8 5738 9434 5722 5991 20578 18568 5685 9429 9307 
690:8 4353 9345 16518 7859 4354 18017 5773 5749 5639 12481 5835 5811 5929 15362 13190 18016 5603 9456 5647 9472 9479 5783 7469 
691:8 7153 7321 7099 10437 7150 11743 10513 7130 11917 11288 10597 17004 7165 13472 8553 11577 7129 11916 4598 13529 11914 10409 1424 16274 10598 17003 19457 13474 14534 13427 7270 13442 7152 16211 10506 16232 11913 19455 10490 10415 19452 10325 14532 
692:8 11676 8150 11044 
693:8 12870 4716 18545 9346 12868 11696 11692 11713 14229 10809 13343 
694:8 11247 24106 8293 
695:8 13133 13142 6135 4743 
696:8 11919 8488 6189 
697:8 10562 15360 11673 11617 8624 15359 11521 10063 8701 8597 16692 16573 23592 8677 11600 
698:8 7306 13538 15999 4461 7209 10302 10342 16649 11268 8691 4836 
699:8 15358 24103 18012 7226 
700:8 5979 7206 
701:8 10539 13456 13475 10363 18266 7074 16176 10480 15357 
702:8 9283 16015 18007 18707 6926 16073 10874 10106 10043 9977 10688 11299 6842 13219 23589 20573 12961 18265 4718 6734 
703:8 13881 16135 6607 10220 10238 9953 6716 13191 5175 18264 9960 10129 6773 13346 6679 
704:8 15919 15899 4437 6440 6352 12467 12952 9790 6218 6485 13021 9760 6096 9902 21123 13011 9594 6212 6270 6356 6246 9936 6342 10687 10372 9682 15330 18592 18599 9807 17991 6438 6381 6129 6450 9683 6170 
705:8 9996 10151 10249 
706:8 16067 11107 6793 12318 10105 16026 12380 15100 13243 4732 15831 6639 6887 15203 10056 13222 15099 10147 5838 6694 6667 13361 3541 17654 17655 6326 6603 17653 13299 16009 10073 15098 6791 10136 6786 24035 17651 10104 9948 18741 
707:8 6102 8527 7059 14203 11557 5616 13315 5180 8581 8532 14185 9773 4644 12211 14970 23981 17505 12910 12210 8731 13038 16698 5176 12209 20863 14969 12208 15489 14309 20295 6253 8314 11526 17758 23897 20809 23229 6592 14968 11661 8601 11727 15488 4855 
708:8 11625 19107 23238 14985 19981 19980 14246 11630 11506 11530 8537 8542 22837 11709 11517 8605 12261 12223 14983 8712 7291 8586 8719 11614 11644 14982 4951 8600 11590 14198 
709:8 8592 8707 11548 8630 8374 17517 
710:8 11714 
711:8 9263 5705 14778 6029 15762 15803 9355 9497 12735 12683 5654 14777 5618 5642 
712:8 5957 8192 9415 9551 15844 9386 9971 8269 14019 11331 11298 11390 11279 11360 11424 11367 11292 16589 14088 8485 
713:8 7917 22822 11431 14977 5955 16066 8502 17762 9748 22817 23892 14976 16261 20300 11718 12216 
714:8 5681 
715:8 6544 6446 17200 12015 9821 16126 6132 8126 7823 7891 17197 7978 11056 22454 
716:8 11636 18539 5963 
717:8 17756 23984 8675 8543 16666 12204 12207 14210 8548 12206 10715 11524 19960 17757 8710 
718:8 18215 17755 11745 8629 14963 12198 8730 8526 12197 12196 11697 20813 14273 11738 8589 14962 6365 14249 14961 22784 8694 11588 7262 
719:8 9313 14782 
720:8 8626 10624 20868 19146 8550 
721:8 9516 5635 
722:8 5848 12061 9265 12924 
723:8 16566 
724:8 13832 13185 13305 
725:8 7124 
726:8 3592 17501 12202 8643 20812 14965 17500 12200 8611 16693 4469 17499 14964 8522 11561 8497 11593 17495 11592 14240 17494 
727:8 10580 12152 6148 12153 17430 14897 14898 12154 9341 12155 5899 7158 12156 4801 
728:8 15187 17537 4976 15510 3930 11510 9647 6508 11624 15188 16729 18184 20008 17775 14255 14998 12234 14291 6036 12235 7960 11748 16752 11527 8678 14271 20855 6113 8648 8518 17776 
729:8 9470 5799 12775 5734 15756 5718 12902 9457 6022 9581 10216 18525 10183 5766 11504 
730:8 8446 8369 8156 15028 17562 14305 17561 8354 4666 12264 6210 14287 8652 15027 9643 
731:8 14238 14237 11699 12263 11165 8529 8594 17560 4014 19090 8620 14335 17558 12262 8655 14329 20796 10176 14341 6215 23961 11672 12260 
732:8 13244 16070 10092 
733:8 14228 5910 17556 12258 11633 8685 12259 20037 8559 17557 23962 8567 8627 14328 20795 15025 11352 
734:8 12778 19299 13273 7841 19298 7933 14419 10172 
735:8 14277 7929 15023 7325 11562 14327 8493 11538 12256 8588 14208 17554 8728 8504 8610 8582 12255 14204 12254 8609 14265 8524 8515 
736:8 7611 11613 14189 8692 8674 11732 8573 15022 8724 20034 8574 11669 11615 14298 8718 8602 20032 8590 8654 8709 8663 20031 11589 11595 8700 14274 11540 8541 
737:8 16659 8628 14268 12253 16724 
738:8 8612 
739:8 20313 8689 8599 8591 8698 20026 15021 4404 11582 14326 8546 15020 15019 8703 14283 8644 16699 15018 11626 17553 8695 15017 17552 11601 22879 14222 11585 8587 8603 14284 8714 6287 
740:8 9491 
741:8 8704 8693 16755 5125 15015 
742:8 16713 17549 19091 15009 17548 23263 8490 17781 17547 8551 11532 8660 8688 5919 8595 11687 5162 3901 4922 15008 14263 8498 8507 15007 22876 11759 15006 20021 
743:8 11708 14214 11740 12250 11522 11564 12249 13685 14248 5153 16664 11716 8544 11733 11730 11503 
744:8 8607 8552 11710 8547 11604 16667 8538 14279 11688 22874 12247 11570 8598 8702 8500 
745:8 14226 11559 17546 11575 
746:8 12246 8580 14285 8499 8556 
747:8 17780 11691 11674 16744 16756 4992 7819 15485 14049 11567 11668 11533 8682 12245 8637 12244 14259 8638 17545 17544 12243 14321 15189 10036 8617 
748:8 14186 17551 
749:8 14076 7882 8230 16610 11412 8385 14137 14075 16654 17563 11355 11307 11429 16641 15029 8246 11348 14044 8394 8290 11385 18503 14092 8249 11453 
750:8 14893 12356 17423 7113 14892 12150 7288 19883 10473 13521 19881 20257 11086 17422 12621 12149 7043 7218 22666 7334 13561 13577 14889 22662 19878 13880 6937 22661 
751:8 7243 8647 3186 10495 13418 13574 13558 7014 10552 16246 19286 11689 5157 13595 16286 10407 4788 10339 13398 16888 7315 10347 16887 13836 10353 7120 7177 10333 11835 16289 14416 10558 2147483174 15913 11834 6086 13504 
752:8 7680 13853 7616 7687 7645 10730 4415 
753:8 24439 9549 5927 5771 23795 18163 18162 13278 24440 14812 8342 6046 5935 5762 5723 17328 5601 5694 10148 15696 9541 12082 8228 9404 15727 22550 17327 
754:8 13766 14833 19800 7723 10706 3873 16315 10768 10929 7517 7881 10903 
755:8 18254 9835 6286 6532 15874 13010 20530 9880 13006 6361 7686 6265 23551 13070 6404 6188 9787 17961 9756 13137 15534 13112 10349 9885 9719 13167 6125 16572 13101 13107 9747 13068 6343 9681 12951 12458 6475 13099 2147483214 15304 6081 13053 18675 11402 6209 20534 13123 12938 9900 9649 6468 6245 9935 15924 6875 6114 9665 6162 13093 6641 7624 9602 6185 9667 14193 7787 
756:8 4898 10595 7466 7481 7678 10679 9494 7232 17350 7196 7506 10847 12102 
757:8 15772 
758:8 7458 10812 13690 17348 18939 10723 
759:8 17330 
760:8 17326 12782 17325 14811 7000 12080 12079 14810 22547 17323 5659 6560 5721 5931 19769 12926 17322 5777 18558 5598 5733 6042 14807 14806 12689 5985 6854 5761 15585 5668 6016 
761:8 14829 7596 13609 7509 16377 7539 7448 13670 
762:8 10828 7529 10764 7701 7655 16390 7523 7438 10934 7470 20455 7679 7703 13773 7450 10720 7381 
763:8 10709 13663 7714 10676 7672 10857 6571 10639 7574 
764:8 8196 17336 9427 
765:8 16104 10080 
766:8 11141 8124 7810 7999 
767:8 16401 10756 7675 7412 7729 
768:8 11068 
769:8 11014 13807 7930 7798 7754 8107 11245 7910 16414 13649 14820 7460 10618 10122 16411 10662 9686 7490 13765 
770:8 12096 14828 7676 4708 7653 13754 7515 7553 13757 
771:8 20264 17739 14883 15180 17738 20265 9737 15177 15586 14128 9324 19869 20263 12145 12933 9724 9745 6550 14884 14885 17736 17735 21064 9659 14886 6217 8686 12147 13118 19870 17417 12148 17419 6456 14887 20262 
772:8 17319 
773:8 8545 18008 12477 7269 24338 7220 13572 7200 10436 18011 16197 14799 7075 10431 7180 10841 8417 16117 10430 7087 18825 13432 13838 10556 7205 10574 
774:8 6340 8224 8452 14020 9555 5737 8447 8461 8215 16639 8227 8282 11246 11371 8266 8335 11326 19740 11338 14112 11269 
775:8 10360 17743 12141 19861 13525 20272 10482 24395 7212 16160 20273 10512 13402 7003 13480 19964 14880 10321 7513 17744 19859 14879 17409 13551 13541 10291 17745 13512 7056 13452 10330 
776:8 7967 10974 13872 8038 13943 13841 7887 
777:8 15439 7530 7623 14875 20681 12542 17406 10169 7565 7568 
778:8 23393 12402 7730 17847 7531 15234 17849 10705 10851 20406 2147482237 12371 12403 10697 12552 12404 7391 7445 3620 7534 15235 2147482275 23764 18146 13621 20717 12553 15804 12640 16332 7562 7743 20718 10369 7446 7441 10626 7738 15457 16591 12405 5932 15236 12406 10846 15238 15239 20408 10771 7495 12407 12408 15240 17857 10873 13744 10747 12409 15241 16351 10823 13684 10902 13768 13800 12410 15242 20412 4905 18151 2147483512 13467 15243 7600 12411 18152 10837 15244 17861 7427 7572 10736 7663 7651 12412 15461 13603 12413 23408 20415 17862 17863 10930 12414 18154 17867 20419 13308 12416 20722 7630 7715 10922 10754 10814 10727 13693 10829 7673 
779:8 8081 12067 10988 16445 14792 11102 13245 11761 7816 11058 11057 11220 11227 6002 5010 16519 8121 13997 7947 14790 11403 13816 4637 5004 11146 7826 6815 17300 3574 7862 8176 14788 17299 
780:8 10757 17396 19841 22623 7018 10663 2811 10927 13602 7664 7502 20696 20697 18125 12547 7707 18126 12129 13641 15446 14870 4653 12549 23736 7785 7454 20699 14869 7542 13600 10783 12550 7491 10921 23742 7739 14868 11000 19836 15147 14866 14864 
781:8 10795 22603 16339 12123 10666 6443 4865 6930 7691 14858 6872 12635 15450 18136 10739 
782:8 22573 11202 12104 8158 20456 10776 14837 10741 12103 10877 13494 10882 13642 18898 8213 
783:8 14905 12475 21067 15904 15172 5671 12954 10515 17438 14906 12159 17439 19892 7143 12160 7185 10546 10607 7233 19897 10475 7028 12161 12162 14907 7025 10493 13631 7337 13426 10528 12163 22694 9919 17731 12164 12165 8123 10518 10448 17445 10123 14910 10770 10350 10585 7114 10477 19901 20251 2147482248 8011 
784:8 10703 17388 20707 7380 7512 13624 14856 7525 14855 13654 7394 16305 7547 20709 12121 18142 12120 10769 
785:8 11138 14793 11211 20437 13960 12419 17871 10989 7975 12418 12417 14794 10860 13792 14795 
786:8 7660 7610 10774 11637 9557 10737 7724 17308 7528 13629 22509 16365 12071 13660 13596 13661 17870 13619 17306 12070 12069 7404 7692 13677 6044 12770 7425 10744 10803 16613 10872 7563 5716 
787:8 12108 17710 17711 15849 17361 9820 6756 7631 6529 10086 17362 12109 6333 9783 14839 12072 22584 6161 6499 13062 13081 23133 20223 16467 6149 13632 4527 4449 20224 12110 11706 6836 9515 6009 6424 9751 4462 9888 12723 5664 5945 5850 20227 6685 9572 12911 9378 18462 17367 9410 6035 15827 5756 8336 3071 5840 12687 6052 
788:8 13487 4640 5612 19826 10332 5861 7082 12116 12115 17718 17717 4786 20231 4791 12114 4787 14850 7231 20230 6503 13806 24408 7240 7040 10391 14849 7290 7219 7227 7029 22597 7813 16239 17715 7331 7376 
789:8 7085 9435 10343 10301 16227 13436 17376 7026 3736 17375 17374 14848 17373 7161 10589 21155 17372 14846 7287 7374 5954 23138 6770 18951 6490 7344 14845 7119 
790:8 4329 10410 19815 19814 7138 14842 10614 14841 7299 7065 17369 16201 10605 6179 19812 17368 7780 10288 13389 5845 10102 9585 7795 12867 11755 15694 18543 5827 12895 5593 5739 5902 9315 
791:8 16415 4914 10690 14798 
792:8 18250 18322 5959 15811 12620 15765 9492 6258 9428 21056 6014 4471 12812 5753 12799 5901 18345 12585 21116 5615 9295 5592 10119 9364 12816 
793:8 5631 11413 5090 
794:8 17387 5994 15456 6137 11290 13615 16395 13611 16413 7721 14852 
795:8 10396 9798 11407 
796:8 8403 8478 15971 8375 6180 18203 11230 8465 6427 7924 20084 11449 11471 17604 8476 8209 11472 21137 9481 6741 7283 17603 15061 15060 15059 21138 8346 16633 11254 20081 
797:8 11305 12962 8460 16647 17598 8396 14073 11378 8316 5966 15054 14126 11416 11301 16605 11336 12991 15505 11039 13902 14010 13888 10998 11152 19009 13975 11108 16428 8089 
798:8 14953 17754 11560 14336 5197 14197 11628 8549 11605 8670 12191 14954 22775 9408 8622 9898 14955 14956 5880 17490 12192 14192 14270 8483 8672 16185 8715 22778 20814 20288 8571 14958 11607 11654 12193 8530 16764 11576 19954 23225 8510 
799:8 19713 11006 5096 7861 19650 11115 11134 13033 19651 7895 8174 8001 16484 16527 8091 
800:8 4338 
801:8 8272 9587 5794 
802:8 16429 11127 20851 15038 
803:8 6847 15305 6388 20535 9657 6411 4481 6371 15306 17965 15307 15920 15308 20536 20537 12939 4609 15948 6095 4480 12996 13549 14026 6056 6526 15309 6291 6079 17966 9723 15310 6515 9934 13893 6242 6504 17967 15311 6257 9628 6339 6476 17968 6292 13069 13166 12460 12972 13041 12461 9911 13138 13040 6156 6483 20543 15312 6412 15949 6243 6252 6321 9927 6264 12971 
804:8 7880 14715 16529 14714 22468 11007 14713 14712 17210 10979 11157 17209 6421 21090 7903 7781 19731 9501 11232 14711 8129 
805:8 11236 22455 8143 
806:8 8012 
807:8 7836 11183 8159 8075 8066 13848 20056 16424 7809 13992 8182 5012 11002 13948 23949 13857 13844 22904 7885 8021 7935 7964 7840 8035 11020 11205 7771 18964 6375 20789 11071 8065 
808:8 11045 11194 7134 10531 20148 15116 7222 7244 13543 7068 12967 16198 7077 6651 17665 15117 13229 6698 13228 10061 8256 13262 10139 6746 17666 13327 6677 6697 24240 11285 15118 6908 6646 12327 15119 10214 15121 6905 8464 7005 10572 7312 8243 6482 6855 6960 12328 6778 6883 10273 8236 10081 23029 23030 23031 6890 10018 6971 13733 17669 15123 10547 15124 6038 10340 16148 10422 7983 4943 7963 11054 7948 15125 8169 7877 8085 11179 8058 11169 13820 15126 17798 21035 21034 12329 4851 8093 7830 12330 11043 14007 12331 3921 15127 10969 7899 7909 7799 11136 3106 7811 11187 16526 8133 7884 13892 16485 20156 7874 20157 11061 5000 7919 7837 16536 12332 13957 11119 20158 11026 7914 8083 2147482712 7940 11204 15130 15131 9391 4478 12333 15132 6958 
809:8 13811 20790 5984 10967 17577 13959 12269 13919 13879 
810:8 17789 11659 
811:8 12047 
812:8 22467 5677 16455 14708 11189 14707 11191 8016 3646 11010 6466 14705 13871 13974 14704 10994 8161 8187 8134 7863 7793 11233 7879 8046 17206 17205 7782 4416 11016 12955 16446 10981 8004 14702 8060 19727 8087 3903 13989 8106 10942 4502 13169 9660 6300 6534 13039 18768 14701 9721 4576 11728 6064 6314 14700 
813:8 6725 8098 7872 15073 17622 17623 6213 20828 18196 10329 20095 15074 15519 15075 18222 17625 15076 17626 20097 18194 12291 20826 12293 8061 20825 20824 13932 7822 8015 7769 
814:8 16441 11021 11113 12270 11170 13882 13990 11166 10984 16508 8496 18986 8024 7768 22909 7876 11013 5044 7835 
815:8 7864 7998 7939 11112 7761 8034 13996 12016 
816:8 5061 5915 8486 11477 8636 5815 20047 20317 17784 8608 8568 8721 15032 8494 20044 15031 5182 11573 11554 23958 20042 17565 8536 20798 12266 10245 8484 11731 4331 5186 
817:8 7797 
818:8 11038 11036 8068 7818 20066 8072 7860 15049 11063 5046 16423 12276 
819:8 14735 
820:8 12891 10949 7889 20060 7800 7866 7760 12273 10938 7829 7622 16717 11087 8040 16555 7990 8017 13878 15046 7594 18959 13937 18991 13984 20062 13995 16492 8164 14001 13922 11234 8110 13970 
821:8 7962 4443 11028 7757 8167 5725 16483 8137 11064 8056 16509 13812 3800 10954 8025 
822:8 19643 7854 7886 7937 11096 7852 10970 
823:8 14696 17199 16490 13972 4500 8139 7775 11198 7959 11217 9750 9815 13722 6772 7871 4508 17198 11153 6657 
824:8 12272 7838 15045 12271 10947 13976 5836 16542 8063 5731 4498 11123 
825:8 20832 18199 12750 10983 4959 18198 23918 17619 15069 15070 5037 15071 23999 11070 15072 
826:8 9304 10945 8095 13904 15036 15035 7911 11084 7892 6629 16496 13936 10992 7802 10971 22892 13903 11144 19023 20049 18979 20794 9535 15034 15760 8183 7175 10939 4591 14096 14145 14024 8430 
827:8 8321 8441 14108 8415 13802 11481 11483 20048 11283 11335 
828:9 7981 13856 13829 15115 13961 10937 15114 8132 11083 11131 16434 20341 13987 8217 16458 7952 12326 20462 6530 11181 16502 12325 
829:9 6710 
830:9 17017 19529 6484 
831:9 5906 12814 9568 9452 12486 
832:9 6208 12124 9774 7606 21147 10745 8422 7520 22611 17392 
833:9 21153 19877 7189 15176 
834:9 7920 16487 7783 
835:9 9780 5793 6398 9742 14535 9907 
836:9 15299 12703 7579 13705 7492 
837:9 11173 
838:9 15361 10318 9607 9831 16711 16255 6858 
839:9 11104 15540 24105 18268 24426 11670 4521 13106 12480 5666 12479 9401 12981 20939 12928 
840:9 7741 7435 10853 
841:9 14063 19745 20440 11478 11199 14077 19741 7850 
842:9 7062 
843:9 16340 17393 6525 19833 14862 14861 
844:9 13416 
845:9 15442 
846:9 10070 
847:9 14692 23860 19624 
848:9 10940 8128 8175 6255 7817 7855 8042 11185 
849:9 10959 7696 
850:9 14822 13646 
851:9 10600 
852:9 20749 6982 6714 6619 14435 7333 16907 11850 7156 13440 7216 6541 10540 19305 3545 11428 7249 7069 11849 19304 16170 16216 
853:9 17338 
854:9 3725 
855:9 11350 8329 17615 10868 7125 8261 8487 8263 8271 8449 2147483361 22944 7853 
856:9 19786 15714 15691 5625 5776 20740 6964 4367 12834 12706 9536 5961 17335 17334 5712 
857:9 7695 
858:9 7958 7901 16184 13793 10488 7023 7590 12097 7586 4889 
859:9 10919 
860:9 11698 11520 
861:9 16092 13378 16123 
862:9 9979 13324 
863:9 5905 14497 
864:9 19621 17190 16982 16983 12008 17192 14689 7047 17193 10665 16984 9499 11244 14501 13745 14508 4729 
865:9 14835 13747 7388 10866 10637 7417 10374 17353 14834 17352 
866:9 16088 8366 17595 8442 
867:9 7654 7511 17185 19407 16974 16975 16976 17186 14682 14308 6058 12005 17187 10686 13117 
868:9 7815 
869:9 4337 
870:9 4473 7595 
871:9 10257 13254 10189 9950 6631 18759 6604 
872:9 5076 
873:9 7211 7007 18053 4596 12501 7039 15385 10520 6517 12500 7042 12499 10591 23623 13469 12498 8584 12497 10376 18051 10537 7303 12496 20607 13406 7182 
874:9 22511 7451 
875:9 7461 17146 7508 22285 14639 10852 13648 7504 7385 7597 10748 24027 20172 10913 7737 23311 10889 7471 
876:9 13859 14748 17231 11047 14733 19667 13930 19696 12032 14731 12031 
877:9 5871 
878:9 6932 
879:9 12969 9930 9720 6244 
880:9 5760 
881:9 6434 9645 6408 17990 18654 15987 9743 
882:9 7992 
883:9 9609 
884:9 11237 
885:9 16609 11019 
886:9 7578 
887:9 6989 11369 
888:9 5946 5686 9471 5865 
889:9 7365 11704 7017 7147 10501 
890:9 8157 11156 8090 11190 23947 17581 15042 10041 8032 13915 11103 17580 
891:9 14403 
892:9 8302 11271 10878 17033 8287 
893:9 6704 
894:9 13591 
895:9 6093 
896:9 6074 6169 6281 6254 6279 6109 6224 6100 6239 9375 6426 6082 
897:9 10142 
898:9 6582 6954 9537 5889 6576 4686 10110 6766 4468 
899:9 6324 
900:9 10033 
901:9 6762 9949 
902:9 4727 12638 22685 7328 7092 7202 7035 14903 13424 14904 7186 7332 7343 7031 10699 15365 
903:9 12265 
904:9 13920 
905:9 9903 9841 6193 6299 
906:9 11296 6493 12956 17011 6469 14538 6088 19461 9861 
907:9 4536 
908:10 10077 
909:10 14498 6546 5805 
910:10 7648 
911:10 8120 
912:10 6918 
913:10 13201 
914:10 15254 10962 10738 
915:10 8570 8645 8708 
916:10 10632 10740 7409 7604 7405 
917:10 4494 
918:10 7848 
919:10 18724 
920:10 10240 
921:10 7585 10867 7641 
922:10 13588 
923:10 11435 
924:10 13380 5938 6776 6760 
925:10 4892 10777 
926:10 7792 
927:10 8279 
928:10 18351 
929:10 6945 
930:10 14762 
931:10 11210 
932:10 8101 11067 
933:10 14225 
934:10 4658 
935:10 7706 
936:10 11823 
937:10 10292 
938:10 4774 
939:10 14860 19832 14859 
940:10 11465 16637 23340 14086 
941:10 4459 
942:10 14200 
943:10 5876 
944:10 9575 12690 23458 14612 
945:10 14085 
946:10 17436 
947:10 4336 
948:10 7649 
949:10 7171 
950:10 7605 
951:11 16491 6951 7709 14827 16299 7667 
952:11 7619 7710 
953:11 6627 
954:11 9846 
955:11 8395 
956:11 10702 7401 16356 10895 
957:11 13023 9753 
958:11 15298 
959:11 6155 
960:11 15900 14194 4570 
961:11 15819 18540 15790 9436 11468 16626 7011 10068 
962:11 11840 
963:11 12884 
964:11 7188 
965:11 6003 
966:11 6702 
967:11 12296 6771 14685 11894 19411 17188 7487 11893 
968:11 4396 5676 
969:11 6611 
970:11 12982 6274 
971:11 6198 9696 
972:11 6127 
973:12 7210 
974:12 4368 5590 5896 5886 14838 9257 8160 5997 
975:12 13172 
976:12 6572 
977:12 7102 
978:12 11445 
979:12 16408 
980:12 9577 6034 5830 6588 5714 4410 5745 5765 6928 4375 
981:12 4994 5789 5626 
982:12 3794 10311 10175 17821 10383 7314 10408 10352 13517 
983:12 10005 
984:13 7744 
985:13 6284 
986:13 9286 
987:13 15323 
988:14 12781 6559 
989:14 12386 12175 9978 6709 
990:14 12009 
991:14 12040 
992:14 12230 
993:15 14739 
994:16 6885 
995:17 10684 
